   1.00000D-03  1.82331D+00 -8.00076D-01  6.24958D-01 -9.33630D-02  2.62456D-01 -2.42481D-01
   1.00000D-03  1.27468D-01  1.12433D-01  1.45030D-01  3.46076D-01  3.22424D-01  3.29060D-02
   1.00000D-03 -1.67475D-03  2.66575D-01  5.00561D-01  2.16671D-02  2.16573D-01  3.88124D-01
   1.00000D-03 -5.39433D-01  1.12658D+00 -5.79367D-01  4.91341D-01  4.94364D-01  2.38299D-01
   1.00000D-03  1.46836D-01  2.53011D-02 -4.21604D-01 -5.19479D-01 -2.39697D-01  3.76685D-01
   1.00000D-03  6.16418D-01  6.05877D-01  4.06794D-01  1.97438D-01  1.73041D-01 -2.11882D-01
   1.00000D-03  1.41926D-01 -4.56270D-01  1.28974D-02 -9.51215D-01 -8.15885D-01  2.35619D-01
   1.00000D-03  4.92805D-02  6.47733D-02 -3.90377D-01 -8.73212D-01 -6.35677D-01  7.45492D-02
   1.00000D-03 -4.71081D-01  6.10046D-01  8.54923D-01 -5.35252D-02 -6.82649D-01  1.08068D-01
   1.00000D-03  4.49982D-01 -3.94113D-02  3.91956D-01  3.41150D-01 -1.89562D-01 -1.74112D-01
   1.00000D-03  1.77026D-01 -2.01204D-01 -5.70758D-02 -4.78466D-03  3.95456D-01  4.80562D-01
   1.00000D-03 -4.50092D-02  7.83678D-01  4.35204D-02  3.43749D-01  7.90052D-01 -8.71946D-02
   1.00000D-03 -6.85023D-02  3.68387D-02 -6.54740D-01 -1.66240D-01  3.07197D-01 -7.96369D-01
   1.00000D-03  3.20810D+00 -1.14303D+00 -3.67359D+00 -3.31792D-01  1.43164D-01  1.11425D-01
   1.00000D-03 -5.22964D-01 -9.26894D-02  8.08939D-01 -1.00333D-01  2.81662D-01 -1.88020D-01
   1.00000D-03 -1.60584D+00 -1.32643D+00 -1.20891D+00 -5.76458D-02 -4.36441D-02 -8.06691D-02
   1.00000D-03 -7.74871D-03 -3.06308D-01  2.58104D-02  5.20526D-01  2.29879D-02 -8.93511D-03
   1.00000D-03  2.95754D-01 -6.94663D-01 -7.29597D-01  3.87864D-02 -2.64443D-01 -7.00810D-01
   1.00000D-03  4.73684D-01 -1.63468D-01  6.94341D-01  3.10334D-01 -2.15765D-01 -5.52244D-01
   1.00000D-03  7.81961D-02 -2.50131D-01 -6.35918D-02 -1.52343D-01  1.41544D-02  7.23940D-01
   1.00000D-03 -1.34160D+00  3.40145D-01 -1.33413D+00  3.38935D-01 -5.07032D-02  2.43056D-01
   1.00000D-03  1.13940D+00  1.26539D+00  2.53621D+00 -1.46961D-01 -2.10621D-01  1.83129D-01
   1.00000D-03 -1.36437D-01 -6.44614D-02  5.93627D-01  3.23944D-01 -6.94939D-01  1.71082D-01
   1.00000D-03 -9.51608D-01 -4.03689D-02  3.51876D-01 -2.15099D-01  1.99644D-01  3.93590D-01
   1.00000D-03 -5.26745D-01 -5.45663D-01  1.09007D-01 -6.05255D-01 -1.48899D-01  2.60031D-01
   1.00000D-03 -4.40621D-02 -5.06100D-01 -3.79662D-01 -4.75889D-01  3.73462D-01  2.12929D-02
   1.00000D-03 -1.12248D-01  2.37865D-01  5.83533D-01  3.69767D-01 -6.49893D-04 -1.28055D-01
   1.00000D-03  5.12626D-01 -1.33939D-02 -1.64597D-01  4.73517D-01  1.00647D-01  6.02701D-02
   1.00000D-03  7.98924D-01 -1.13310D+00 -1.68360D+00  4.42110D-01  1.56213D-01 -2.43950D-01
   1.00000D-03  1.11794D+00 -5.41879D-01 -1.45261D+00 -4.51274D-02 -2.60067D-01 -3.48336D-01
   1.00000D-03  4.65792D+00  5.46676D-01  1.25269D+00 -7.40562D-02  3.53019D-01  1.54600D-01
   1.00000D-03 -6.37240D-02  2.41508D-01 -4.86090D-01  2.71632D-01  4.38100D-01  2.35264D-01
   1.00000D-03 -2.32973D-01  1.12741D+00 -2.49127D-01 -5.17151D-01  1.40883D-01 -2.78087D-02
   1.00000D-03 -4.63556D-01 -1.62152D-02 -1.95517D-01  6.06622D-01 -7.55667D-01  3.48172D-01
   1.00000D-03 -6.43723D-01 -1.49781D-01  5.38756D-02  6.71455D-01 -7.18386D-02  6.24967D-01
   1.00000D-03  2.58947D-01 -2.77446D-01  3.78005D-01  6.23898D-01 -5.15391D-01 -6.35865D-02
   1.00000D-03  7.27977D-01 -9.78148D-01  7.29762D-01 -4.92063D-01 -2.27262D-02 -2.60638D-01
   1.00000D-03 -7.71591D-02 -5.90024D-01 -6.59890D-03  8.30057D-01 -4.99618D-01 -5.93946D-02
   1.00000D-03 -2.41153D-01  1.34091D-01 -5.29623D-01 -2.19598D-01  3.51482D-01 -1.24975D-01
   1.00000D-03  5.97526D-01  9.70900D-02  5.33505D-01  1.51025D-01  5.46281D-01 -2.35790D-01
   1.00000D-03  5.43855D-01 -2.57040D-01 -9.38998D-02  5.31760D-01  9.99721D-02 -1.57039D-02
   1.00000D-03 -1.08938D+00  1.93110D+00 -2.08916D+00 -2.58901D-01  1.43632D-01  2.93998D-01
   1.00000D-03  1.22055D+00  1.64246D+00 -2.38105D-02 -3.73714D-01  1.92616D-01  9.22906D-02
   1.00000D-03  3.33554D-01 -1.42687D-01  6.32826D-01  3.00443D-01  1.97200D-01  9.40325D-01
   1.00000D-03 -5.09676D-01 -7.86125D-01  3.60362D-01 -6.76265D-01  2.71902D-01  2.46678D-01
   1.00000D-03 -2.21451D-01  2.98477D-01 -2.15465D-01 -2.00085D-01 -1.45439D-01 -5.06140D-01
   1.00000D-03 -1.98596D-01  1.22455D+00  9.06886D-01 -3.59712D-01 -1.22634D-01 -1.48954D-01
   1.00000D-03  8.76893D-01  7.09871D-01  4.24012D-01  5.10784D-01 -5.28627D-01  4.28884D-02
   1.00000D-03 -1.37519D+00 -6.71145D-01  4.85966D-01 -1.65771D-01  4.44906D-02  1.39025D-01
   1.00000D-03  7.56341D-01  2.43685D-02 -1.49836D+00  1.36715D-01 -1.81829D-01  1.79858D-01
   1.00000D-03  2.37890D-01 -2.08584D-01  4.22040D-01 -2.98699D-01  2.54804D-01 -5.85965D-02
   1.00000D-03 -6.91737D-01  2.84204D-01  1.30782D+00 -4.54381D-01 -7.60657D-02 -8.34630D-02
   1.00000D-03 -8.87465D-01  1.32621D-02  6.59183D-01 -3.09130D-01  1.40650D-01 -1.01493D-01
   1.00000D-03 -3.98714D-01 -3.34132D-01  1.76351D-01 -7.67315D-02 -4.53354D-01  3.89764D-01
   1.00000D-03  1.20984D-01  2.16932D-01 -6.77130D-01 -5.16151D-02  4.04803D-01  3.52756D-01
   1.00000D-03 -5.54536D-02 -3.96204D-01 -3.89973D-02  7.50863D-01 -2.30539D-01 -3.94340D-01
   1.00000D-03 -3.99431D-01 -4.55000D-01 -4.11912D-01 -6.08759D-03 -3.26900D-01  8.72501D-01
   1.00000D-03  5.43216D-01  6.58685D-02 -4.75111D-01  6.60190D-02  5.64612D-01 -1.80804D-01
   1.00000D-03  8.78677D-01  8.01731D-02  4.90492D-02  6.44819D-03 -2.16710D-01 -4.25831D-01
   1.00000D-03  3.25900D-01 -6.34617D-01  7.25415D-01  3.59877D-02  1.48112D-01 -2.71025D-01
   1.00000D-03  1.46111D-01 -5.27403D-01  2.03303D+00 -9.00404D-02  2.96904D-01  1.72980D-01
   1.00000D-03  8.37822D-01 -9.86483D-02 -3.38642D-01  4.58722D-02  1.18769D-01 -3.98072D-01
   1.00000D-03 -1.77169D+00  1.47854D+00 -8.16865D-02 -4.84295D-01 -8.47703D-02  1.48084D-02
   1.00000D-03 -1.54923D-01  7.65570D-02 -3.58969D-01  6.45237D-02 -3.67375D-01 -2.47388D-01
   1.00000D-03  2.17630D-01 -1.62578D-01  6.07078D-02 -3.28606D-01  1.12824D-01  1.41363D-01
   1.00000D-03 -6.95875D-01  7.09222D-01  1.06207D+00  2.45310D-01 -9.36185D-02  5.24915D-01
   1.00000D-03 -1.30263D-01 -3.94404D-01 -2.87530D-01 -3.26314D-01  3.11058D-01  3.34169D-03
   1.00000D-03  2.19876D-01  1.36626D+00  1.68934D+00  3.48915D-01  2.24358D-01 -2.55660D-01
   1.00000D-03 -2.50962D-02  5.66096D-01 -6.74237D-01  8.50704D-02  4.43080D-01  3.31417D-01
   1.00000D-03  2.38035D-01 -8.29534D-01 -9.28342D-01 -1.24656D-01  2.89885D-01 -5.73279D-01
   1.00000D-03 -2.66886D-01 -5.03522D-01  2.42697D-01  7.86748D-01  2.02968D-01 -7.09781D-01
   1.00000D-03  1.82834D-01  4.27173D-01  9.19605D-01 -2.12803D-01 -2.91334D-01 -3.27278D-02
   1.00000D-03 -1.37825D-02  1.78826D-01 -5.74957D-01 -1.29343D-01  2.41600D-02  4.66273D-01
   1.00000D-03 -1.58441D-01 -2.06789D-01  8.34148D-02  2.25965D-01 -3.92132D-01  3.78324D-01
   1.00000D-03 -3.43145D-01  1.01136D-01  2.54441D-01 -3.83249D-01 -4.34198D-01  3.62698D-05
   1.00000D-03  1.47402D+00  1.67644D-01  1.25279D-01  2.58475D-01  2.65685D-01  8.66035D-02
   1.00000D-03  1.45017D-01  4.11141D-01 -6.65462D-01  1.93300D-01 -4.82615D-01 -1.67953D-01
   1.00000D-03  4.02907D-01 -5.14919D-01  3.25319D-01 -3.44828D-01 -7.30697D-01 -7.75904D-01
   1.00000D-03 -7.02453D-03  3.44271D-01  1.72614D-01 -7.52950D-01  5.22596D-01 -7.47234D-01
   1.00000D-03  9.31411D-01  1.08464D+00 -4.53550D-01 -7.56696D-01 -6.28274D-02  1.41157D-01
   1.00000D-03 -1.49945D-01  7.13819D-01 -3.47678D-01  1.50574D-01 -9.30564D-01  1.04751D-01
   1.00000D-03 -7.88322D-01 -6.48744D-01 -3.46904D-01  2.55833D-03  2.63108D-01 -2.47467D-01
   1.00000D-03  4.91362D-01 -3.56944D-01  6.41258D-01 -2.50809D-01  2.76102D-02  5.16082D-01
   1.00000D-03 -6.74283D-02  9.13059D-01 -2.67883D-01  4.38351D-01  9.81516D-01  4.84832D-02
   1.00000D-03 -2.76892D-01 -4.86210D-01  1.92155D-01  9.14725D-04  3.99991D-01  1.97718D-01
   1.00000D-03 -3.24039D-01  9.11969D-01 -3.67418D-01  1.61920D-01 -2.76807D-01  4.06654D-01
   1.00000D-03  4.13084D-02 -4.87431D-02  3.91045D-01 -2.39885D-02  1.02451D+00 -1.16822D-01
   1.00000D-03 -1.72405D-01 -1.72442D-01  1.45000D-01  3.67067D-01  4.21169D-01 -1.05272D+00
   1.00000D-03 -3.63343D-01 -9.77576D-01 -1.68438D+00 -5.14828D-01  2.08771D-01  1.43865D-01
   1.00000D-03 -2.85838D-01 -3.18497D-02  2.30837D-01  5.15543D-01 -1.04967D-03  5.01372D-01
   1.00000D-03 -1.41651D+00 -5.23573D-01 -1.56136D-01 -3.40525D-01  3.36035D-01  2.66515D-01
   1.00000D-03 -5.82649D-01  3.63364D-01 -3.36844D-01 -3.42385D-01  6.59196D-01 -4.11885D-01
   1.00000D-03 -3.37085D-01 -6.44679D-01 -8.08378D-01  4.23954D-01  8.10595D-01 -2.90353D-01
   1.00000D-03 -1.17034D+00  9.52984D-02 -3.93511D-01 -3.47974D-01 -4.97564D-01  2.62904D-01
   1.00000D-03  1.29393D+00  9.65678D-01 -3.33149D-01  5.36911D-01  3.57485D-01 -4.29224D-02
   1.00000D-03 -8.74951D-02  1.36803D-01 -1.64592D-01  1.99673D-01  2.17718D-01 -1.02761D+00
   1.00000D-03  4.87832D-01  5.23994D-01  2.28263D-02 -2.79133D-02  5.39266D-01  6.01511D-01
   1.00000D-03  2.05708D+00 -9.49978D-02  4.32652D-01 -3.74134D-01  2.29642D-01  4.27916D-01
   1.00000D-03 -3.09955D-02  3.06716D-02  6.11420D-03  4.13672D-01 -5.07463D-02  2.04152D-01
   1.00000D-03  1.03649D+00  3.17731D-01  2.76601D-01  2.48431D-01 -2.27246D-01  1.05959D-01
   1.00000D-03  2.06872D-01 -2.85347D-01  4.03885D-02 -8.22303D-01  3.69568D-01 -3.23686D-01
   1.00000D-03  8.79525D-02  2.89606D-01 -3.85200D-01 -1.54424D-01  3.92276D-01 -4.49047D-01
   1.00000D-03  1.94425D+00 -3.66803D-01  3.21349D-01 -5.31982D-01  2.48916D-01 -7.53104D-02
   1.00000D-03  1.58572D-02 -2.83797D-01  9.75202D-01 -5.05109D-01 -4.97813D-01 -2.52929D-01
   1.00000D-03  3.49218D-01 -2.46327D-01  1.37046D-01  9.65755D-01 -1.00885D-01  3.93957D-01
   1.00000D-03  3.19104D-01  1.54494D-01 -4.91503D-02 -2.69476D-01  1.00237D+00 -5.23957D-01
   1.00000D-03 -1.10919D+00 -1.36435D-01  1.95737D-01  1.24361D-02 -9.16582D-01 -1.72546D-01
   1.00000D-03  5.04129D-01 -8.57309D-01 -1.34633D+00 -6.81726D-01 -1.64852D-01 -3.60200D-01
   1.00000D-03 -1.76371D-01 -2.01910D-01  8.17770D-01 -2.99587D-01 -5.64275D-01  6.56510D-01
   1.00000D-03  5.71487D-01 -3.97378D-01  2.61275D-01 -1.09097D+00 -1.06835D-01 -1.01002D-01
   1.00000D-03  1.51881D-01  3.49071D-01  1.92864D-01 -7.97307D-01  2.15917D-01  2.30260D-01
   1.00000D-03 -1.30828D+00 -8.15463D-01 -6.86545D-01 -7.10242D-01  9.10417D-02  2.74355D-01
   1.00000D-03  4.31073D-02 -2.13562D-01  1.04761D-01  2.87663D-01  2.13161D-01  2.91623D-01
   1.00000D-03  1.14862D-01 -2.63321D-02  3.11086D-01  1.15247D-01 -4.23280D-01  2.87029D-01
   1.00000D-03 -9.28177D-01  6.61020D-01 -5.79633D-01  2.27424D-01 -1.83674D-01 -3.92968D-01
   1.00000D-03 -5.38986D-02 -1.31913D-01  8.24590D-02 -1.57872D-02 -2.25363D-01  9.34192D-01
   1.00000D-03  4.03465D-01  3.07952D-01 -2.14278D-01 -4.84825D-01 -4.27076D-01 -1.82958D-01
   1.00000D-03  2.16464D-01  2.42543D-01  1.28453D-01  7.41941D-01 -2.19278D-02  3.77610D-01
   1.00000D-03 -1.92591D-01 -5.36801D-01  3.44019D-01  3.78930D-01  2.82156D-01 -4.16422D-01
   1.00000D-03 -1.75157D+00  4.95939D-01  1.12771D+00 -1.71845D-01  3.47265D-01 -9.30756D-02
   1.00000D-03  1.38071D-01  4.10881D-01  1.73598D-01  1.09571D-01 -9.33534D-01 -4.40085D-01
   1.00000D-03 -4.06403D-01 -2.16837D-01 -5.89151D-01  4.56990D-01 -3.36481D-01 -8.36072D-02
   1.00000D-03  1.71871D-01  4.91534D-01  1.14826D-01  1.12602D-02  3.74616D-01  6.64118D-01
   1.00000D-03  1.23236D-01  1.37673D-01 -1.47201D-01  1.72686D-01  7.10019D-02  3.38893D-01
   1.00000D-03 -3.54535D-01 -3.93905D-02 -4.47976D-02  1.17696D-01  4.17358D-01  4.15147D-01
   1.00000D-03  1.25347D+00  4.62595D-01 -1.81869D+00 -2.76546D-01 -5.06297D-03 -3.12244D-02
   1.00000D-03  2.70838D-01  9.51722D-01 -2.75441D-02  4.26132D-03 -4.76667D-01  7.80274D-01
   1.00000D-03 -2.71029D-01  4.86928D-01  1.04278D+00 -1.70056D-01  4.95811D-01 -6.49548D-01
   1.00000D-03  2.85644D+00 -4.93412D-01  7.44142D-02  2.54092D-02  9.54639D-02 -3.78755D-02
   1.00000D-03 -8.34015D-01 -1.01570D+00 -1.90496D-01 -4.79783D-01  2.60223D-02 -1.06421D-01
   1.00000D-03 -5.93535D-01 -4.69188D-02  4.28216D-01 -1.40936D-01  3.24202D-01 -4.82704D-01
   1.00000D-03  1.85930D+00  2.90744D-01 -1.15206D+00 -2.10488D-01  3.93901D-03  1.88294D-01
   1.00000D-03  1.47347D+00 -5.26591D-01  4.16411D-01  5.43422D-02 -2.01060D-01 -2.50817D-01
   1.00000D-03 -1.18231D-02  1.18018D-01 -6.73560D-01  9.13199D-01  3.67242D-01  8.37444D-01
   1.00000D-03 -3.39364D-01  1.32989D-01  7.00157D-01  2.04862D-01 -4.51444D-02 -1.18374D-02
   1.00000D-03  3.80861D-01  1.40874D-01  3.95198D-01  9.58123D-02 -2.28903D-02  1.54076D-02
   1.00000D-03 -3.27053D-01  1.74611D-01  4.48421D+00  4.81720D-02  9.47606D-02  2.93718D-01
   1.00000D-03 -5.65928D-01 -1.11332D+00  1.24459D-01 -6.62241D-01  6.91611D-02 -3.59698D-01
   1.00000D-03  4.28263D-01 -3.32567D-01  1.88979D-01  7.60093D-01 -3.77860D-01 -2.81837D-01
   1.00000D-03 -8.29221D-01  4.79557D-01  3.00742D-01 -4.03637D-01 -3.53722D-02 -5.14176D-01
   1.00000D-03 -1.15610D-01  1.47088D-03 -3.91979D-01 -7.42048D-02  8.42596D-01 -1.19449D-01
   1.00000D-03 -1.18012D+00  7.44635D-01  1.04860D+00 -1.60380D-01 -7.78843D-01 -2.76719D-01
   1.00000D-03  1.85078D-02 -3.96461D-01 -7.30217D-01  8.26055D-01  2.38856D-01 -2.82517D-01
   1.00000D-03  2.17442D-01 -4.36629D-01 -1.78956D+00  2.25071D-01  2.88413D-01 -4.00628D-01
   1.00000D-03 -1.66367D-01  6.87901D-01 -6.11779D-01  3.90517D-01  1.56988D-01 -2.43343D-01
   1.00000D-03 -1.05424D+00 -2.25110D+00 -1.18022D+00 -1.33828D-01 -3.57152D-02  8.10962D-02
   1.00000D-03  2.92425D-01  5.03704D-01 -6.75710D-02 -1.12688D-02  2.25315D-01 -5.64036D-01
   1.00000D-03 -4.08249D-01 -8.61615D-02 -1.26741D-01 -6.85131D-01 -7.09147D-01 -3.79286D-01
   1.00000D-03 -9.42010D-01  1.10580D+00 -7.40004D-01  2.61228D-01  3.43137D-01 -4.89270D-01
   1.00000D-03  1.08059D-01 -3.73429D-01 -6.76766D-03 -1.72969D-02 -2.54177D-01  8.77054D-01
   1.00000D-03 -3.20015D+00 -1.06933D+00  9.38609D-01  2.83207D-01  8.36167D-02 -9.34587D-02
   1.00000D-03 -4.97127D-02  1.38290D-01  9.38065D-02 -1.37902D-03  1.55963D-01 -4.47202D-01
   1.00000D-03 -1.78323D-02  1.23195D-01  3.53593D-01  3.42679D-01  6.54689D-01  6.06817D-01
   1.00000D-03 -2.78787D-01 -1.90943D+00 -2.02404D-02  2.98231D-01  1.44591D-01 -9.59880D-03
   1.00000D-03 -6.80958D-01  3.03836D-01 -3.58851D-01  5.33968D-02 -1.65503D-01  7.24775D-01
   1.00000D-03  2.08326D-01  2.01556D-01 -2.06459D-02  4.04693D-01  8.09777D-01 -1.15171D-01
   1.00000D-03  7.41775D-01  6.02147D-01 -1.30056D-02  3.86540D-01  4.47893D-01 -3.02355D-01
   1.00000D-03  7.04133D-02 -3.14269D-02 -2.91056D-01  2.69778D-01 -5.14754D-01 -1.76560D-01
   1.00000D-03 -3.34128D-01 -5.02744D-01  4.78303D-01  5.59600D-02  5.40101D-01  5.03427D-01
   1.00000D-03 -1.26219D-01  2.24897D-01  9.12725D-01 -4.41850D-01 -2.60070D-01 -6.91385D-02
   1.00000D-03  4.55475D-01  1.75133D-01  3.61509D-01 -6.12694D-01 -8.61541D-03 -2.30835D-01
   1.00000D-03 -2.53309D-01 -1.96518D-01  7.30853D-02 -6.90455D-02 -3.82158D-01 -5.38521D-01
   1.00000D-03 -6.15969D-01 -9.36336D-02 -5.78868D-01  4.20051D-01 -8.48561D-02 -2.69079D-01
   1.00000D-03  1.51367D-01  1.27652D-01 -2.39625D-01 -7.26747D-01  3.91281D-01  1.20431D-01
   1.00000D-03  6.25781D-01  2.86352D-01  5.24990D-01 -2.65927D-01 -1.51944D-01 -1.01248D-01
   1.00000D-03  1.70738D+00  2.84799D+00 -1.85704D+00 -9.89119D-02 -1.37117D-01 -2.96411D-01
   1.00000D-03 -1.88654D-01 -3.40397D-01 -2.44897D-01 -2.18599D-01  1.83561D-01 -1.54285D-01
   1.00000D-03  3.13070D-01  1.99809D-01  2.96419D-01  9.41575D-01  1.94082D-01 -3.07407D-01
   1.00000D-03  7.04906D-02  7.90810D-02  4.69825D-02 -1.88613D-01 -7.96257D-02 -1.02587D+00
   1.00000D-03 -2.45932D-02 -1.17855D-02  1.30947D-01  3.10860D-01  2.83628D-02  3.47176D-01
   1.00000D-03  1.69383D-01  4.87930D-01 -1.04212D-01  8.85485D-02  2.80863D-01  4.44980D-01
   1.00000D-03 -2.87420D-01 -7.66821D-01  2.70904D-01  2.56076D-03  6.66271D-02 -1.85924D-01
   1.00000D-03 -1.88369D-01  1.09773D+00  2.48902D+00 -5.93076D-03 -3.96648D-01  1.11417D-01
   1.00000D-03 -5.77544D-05 -3.47998D-02 -6.47678D-01 -5.29868D-01  2.85946D-01  3.73323D-01
   1.00000D-03 -1.34510D+00 -3.21435D+00  2.36064D+00  3.07565D-05  2.10568D-01  1.76241D-01
   1.00000D-03  1.46278D+00 -7.52176D-01  1.72834D+00 -7.83313D-02 -2.45750D-01  3.18102D-01
   1.00000D-03  2.68394D-01 -4.84917D-01 -4.14018D-01  6.27215D-01  7.41552D-02  4.87322D-01
   1.00000D-03  2.10305D-02 -1.83418D-01 -1.66323D-01  8.64755D-01  3.40261D-01  5.76935D-01
   1.00000D-03 -9.13804D-01 -6.47101D-02  6.24100D-01 -6.43629D-01 -1.98009D-01  3.33783D-01
   1.00000D-03 -2.20533D-01 -3.35258D-01  5.85761D-01 -1.46561D-01  3.47292D-01 -7.02738D-02
   1.00000D-03  4.03333D-01  7.81793D-01  1.74164D+00  2.88824D-01  5.39420D-01 -3.99895D-02
   1.00000D-03  3.68990D-01 -5.24968D-01 -2.93743D+00 -3.26012D-01  5.67629D-02 -3.73990D-01
   1.00000D-03 -1.74819D+00 -2.49537D+00  1.77674D+00  2.92933D-01  2.45587D-01 -3.58170D-02
   1.00000D-03  2.73651D-02 -3.53971D-01 -3.79171D-01 -6.80292D-01  4.92114D-01  2.29716D-02
   1.00000D-03  7.81612D-01  3.70784D-01  1.13139D-01  6.86046D-01 -6.18157D-01 -1.67850D-01
   1.00000D-03  1.19728D+00  1.46759D+00  1.37548D-01 -2.25058D-01 -1.90699D-01  5.16182D-02
   1.00000D-03  2.16470D+00 -2.41092D+00 -2.08035D+00  8.64158D-02  2.63448D-01  2.40876D-01
   1.00000D-03  4.52446D-01  6.05599D-01  6.56804D-01 -3.63794D-01 -7.01533D-01  2.08476D-01
   1.00000D-03  3.69746D-01  3.53549D-01 -3.37676D-01  6.01882D-01  2.09129D-01  2.33120D-01
   1.00000D-03  1.01177D-01  7.60502D-03 -1.08939D-01  5.12419D-01 -4.47183D-01 -1.61487D-01
   1.00000D-03 -1.01175D-01  1.55777D-01  5.45044D-01  3.74514D-01 -8.40673D-01 -3.46111D-01
   1.00000D-03  1.99118D-01 -4.31518D-01 -4.49874D-01  3.87835D-01  1.01311D-01  3.50245D-02
   1.00000D-03 -1.24998D-01  6.25837D-01 -2.41705D-01 -8.03475D-01 -2.21406D-01  2.07364D-01
   1.00000D-03  2.46845D-01  7.04980D-01 -8.22742D-01 -5.36200D-01 -1.41430D-01 -1.75065D-01
   1.00000D-03  6.84881D-01 -3.48514D-01  1.10403D-01  1.34434D-01 -1.38384D-01  5.55666D-01
   1.00000D-03 -2.82923D-01  1.44098D-02 -1.38472D-01 -6.97488D-01  2.47610D-01 -7.53950D-02
   1.00000D-03  6.10528D-01  1.67300D-01  4.50200D-01 -2.06508D-01  4.29782D-01  8.75294D-02
   1.00000D-03  8.02684D-01 -5.30063D-01 -2.10207D-01  1.38504D-02  9.00067D-02 -1.14867D-01
   1.00000D-03  4.16019D-01  7.85193D-02  2.44222D-01  4.86746D-01  4.16198D-01 -7.93611D-01
   1.00000D-03 -1.22474D-03  4.42336D-01  2.05876D-01 -7.84237D-01 -1.01326D+00  5.74615D-01
   1.00000D-03  7.85701D-01  6.46335D-01 -7.82577D-02  4.63616D-01  4.38382D-01 -1.57307D-01
   1.00000D-03  4.92218D-01 -2.32241D-01  3.93068D-01  5.62900D-01 -4.08316D-01  4.39669D-01
   1.00000D-03 -3.75197D-01  1.16542D-01  5.40297D-01 -2.01191D-01 -4.82157D-01  2.96153D-01
   1.00000D-03 -5.59996D-01  7.26411D-01  7.92102D-01  3.00663D-01  3.62554D-01  4.40523D-01
   1.00000D-03  3.85316D-01 -1.45830D-01 -2.11466D-01 -2.58339D-01 -6.97029D-01  6.68652D-02
   1.00000D-03  1.33774D-01  6.46032D-02  3.15211D-01 -9.15865D-01 -7.49308D-01  1.22033D-01
   1.00000D-03 -3.53445D-01  1.18786D+00 -5.94311D-04 -3.95016D-01  2.89022D-01  2.16828D-01
   1.00000D-03  9.66652D-02 -1.52775D-01 -1.19448D-01  2.53767D-01  8.36305D-01 -2.29343D-02
   1.00000D-03 -2.30503D-02  4.58716D-01 -1.88919D-01 -3.22228D-01 -1.87291D-01 -3.69436D-01
   1.00000D-03 -3.97619D-03  5.48084D-02  3.86860D-01 -1.23615D-01  3.00970D-02  1.12256D+00
   1.00000D-03  8.52446D-01 -6.04980D-01 -3.79363D-01  5.52448D-01 -8.03183D-01 -1.21988D-01
   1.00000D-03  2.49742D-01 -3.52418D-02 -2.27702D-01 -1.17453D-01  1.75772D-01 -5.02567D-01
   1.00000D-03  1.16116D+00  1.68186D-01  1.51965D+00 -5.08174D-01  5.96470D-01  1.85168D-01
   1.00000D-03 -8.56440D-01  6.81227D-01  3.05980D-01  5.32995D-01 -1.49640D-01  7.09338D-01
   1.00000D-03 -3.37947D-02  3.11625D-01  1.05997D-01  4.01418D-01  1.00999D+00 -5.42113D-01
   1.00000D-03  7.96524D-01  4.15033D-01 -2.90553D-01 -1.82383D-01  6.20615D-01 -4.68006D-01
   1.00000D-03  2.57727D-01  2.31800D-01 -4.09008D-01  2.06686D-01  1.07107D+00  6.11438D-01
   1.00000D-03  1.72955D-01  4.62941D-01 -5.19764D-01  1.37468D-02 -6.07139D-01  5.35265D-01
   1.00000D-03 -1.86984D+00  8.13677D-01  1.33606D-01 -1.26309D-01  3.21817D-02 -3.46726D-01
   1.00000D-03 -1.67829D-01  8.83239D-01  2.94407D-01 -5.89660D-01  5.16324D-01  8.76361D-01
   1.00000D-03  5.16492D-01  2.39521D-01 -5.67790D-02  3.85018D-02 -1.55110D-01 -8.60548D-01
   1.00000D-03  3.91592D-01  3.25169D-01 -2.41756D-01  4.89556D-01 -7.66356D-01 -1.31275D-01
   1.00000D-03 -9.21937D-02  5.48516D-01 -1.48358D-01  4.01458D-01 -1.33824D-01 -3.60547D-01
   1.00000D-03  2.19944D-03 -9.71688D-02  4.23762D-01  8.71168D-01  3.36811D-01  5.38071D-02
   1.00000D-03  4.60816D-01 -1.15040D+00  2.18741D-01  1.65640D-01 -2.18044D-01 -6.93389D-03
   1.00000D-03 -4.83080D+00 -3.01788D+00 -3.08961D-01  3.74942D-02  2.25126D-01 -1.71453D-01
   1.00000D-03 -5.10923D-01  7.86926D-02  2.22949D-01 -4.81053D-01 -2.18514D-01  7.11655D-01
   1.00000D-03 -1.25203D+00  2.38995D-01  4.39526D-01 -1.84674D-01  4.23013D-01  2.88944D-01
   1.00000D-03  9.90709D-01  5.56646D-01  7.61277D-01  2.33916D-01 -7.27619D-01  6.48405D-02
   1.00000D-03 -1.43767D-01  3.39637D-02  3.62384D-01 -5.28835D-01  3.33920D-01 -6.26302D-01
   1.00000D-03 -1.21916D-02  5.23661D-01  5.41993D-03  2.60183D-01  7.00734D-01  3.99845D-01
   1.00000D-03  4.73405D-01 -9.90919D-02  6.10508D-01  1.30697D-01  2.05616D-01  1.30943D-01
   1.00000D-03  2.71565D-01  9.71521D-02 -6.28972D-02 -8.03022D-02  6.40043D-02 -7.95731D-01
   1.00000D-03  1.77651D+00  1.49073D+00  5.73502D-01 -4.12387D-01 -3.38733D-02  3.17943D-01
   1.00000D-03 -7.73117D-01  2.01738D-01  1.05141D+00  1.49052D-01 -2.87173D-01  2.90243D-01
   1.00000D-03  3.28729D-01  4.87445D-02 -4.27576D-02  1.17402D-01 -5.27959D-01 -4.83812D-02
   1.00000D-03  1.40275D-01  6.13235D-02 -5.68174D-02 -4.07293D-01 -1.09476D-01  1.27299D-01
   1.00000D-03  1.88086D+00  3.86766D-01  2.33420D-02 -4.52531D-01  2.85764D-01  1.88138D-01
   1.00000D-03 -1.31641D-01  9.04435D-02 -7.46575D-01  2.33566D-01 -3.29333D-01 -1.97446D-01
   1.00000D-03  5.48276D-01 -1.43784D-01  3.07731D-01 -7.29168D-01 -5.96605D-01 -2.68115D-01
   1.00000D-03  1.53834D-01  7.01652D-01  6.03828D-01  7.72000D-02 -2.06769D-02 -5.56979D-01
   1.00000D-03 -2.59901D-01 -2.48984D-01  1.24582D-01 -1.23732D-02 -5.32026D-01  7.84388D-01
   1.00000D-03 -1.10270D+00  6.99821D-01  4.22767D-02 -3.68161D-01  1.68310D-01  4.58368D-01
   1.00000D-03 -9.58957D-02 -6.29050D-01 -9.20989D-01 -1.52064D-01 -1.00216D-01 -6.84443D-01
   1.00000D-03 -2.57055D+00 -1.36621D+00 -1.17493D+00  1.13848D-01 -2.07331D-01  1.59943D-01
   1.00000D-03 -6.78567D-01  2.00393D-01  9.96704D-03  6.91584D-02 -3.84115D-01  1.82569D-02
   1.00000D-03 -9.68574D-01  2.64261D+00  1.09285D+00  2.32932D-01 -8.05521D-03 -1.15650D-01
   1.00000D-03  5.72303D-01  1.55136D+00 -2.37997D+00 -2.65317D-01 -2.06614D-01  7.88187D-02
   1.00000D-03  2.50908D+00  1.62281D+00 -1.24222D-01 -1.10345D-01  1.85840D-01  6.56717D-02
   1.00000D-03  3.05195D-02 -2.40898D-01 -2.30701D-01 -3.56916D-01 -1.01167D-01 -3.64247D-01
   1.00000D-03 -1.21851D+00  7.28079D-01 -3.00223D-01 -2.86394D-01 -4.95573D-02  7.70865D-02
   1.00000D-03  6.86647D-01  4.57096D-02 -1.46072D-02  4.29808D-01 -4.79705D-01  4.32632D-02
   1.00000D-03  3.24332D-01 -2.20299D-01 -2.03802D-01 -7.73115D-01 -1.00750D+00  4.55007D-01
   1.00000D-03  3.29792D-01 -3.78075D-01  3.55219D-01  2.61819D-01 -2.90477D-01 -8.04929D-01
   1.00000D-03  1.66584D+00 -7.73304D-01 -8.33947D-01 -4.38526D-01  6.48060D-02 -3.83182D-01
   1.00000D-03 -5.73936D-01 -5.77585D-01  2.62434D-01 -9.71012D-02 -7.93047D-01  4.96525D-01
   1.00000D-03 -7.01933D-02 -9.12628D-02 -3.78544D-01 -5.14050D-01  7.34800D-02 -4.46084D-01
   1.00000D-03 -1.79679D-01 -6.04672D-01 -4.58292D-01 -9.25300D-01 -7.59550D-01  7.70068D-02
   1.00000D-03 -1.88990D-01 -2.33773D-01  5.85384D-01  2.81510D-01  8.54446D-01 -6.04156D-01
   1.00000D-03 -1.21442D+00 -3.99969D-01  2.52610D-01  3.44649D-01 -1.91650D-01  7.93168D-01
   1.00000D-03 -9.95777D-03 -3.11595D-01  3.36577D-01 -7.57904D-01  1.86342D-01  6.98981D-01
   1.00000D-03  2.60821D-01  6.26206D-01  3.06805D-01 -4.01011D-02  7.98033D-02  3.56144D-01
   1.00000D-03  1.70899D-01  2.46132D-01 -5.84061D-01 -1.47693D-01 -9.35551D-01 -1.50573D-01
   1.00000D-03  5.49463D-01 -3.98280D-01 -4.05969D-02 -7.98591D-01 -2.54541D-01 -4.46998D-01
   1.00000D-03 -3.33878D-01  1.80133D-01 -3.43612D-02  5.34691D-01 -1.14093D-01 -6.17112D-01
   1.00000D-03  1.74006D-01 -6.14511D-01  3.03953D-03 -9.56397D-03  4.70004D-02 -1.10478D-01
   1.00000D-03 -1.01197D+00 -6.31415D-01 -1.50723D-01  8.29792D-01  1.19099D-01 -1.21675D-01
   1.00000D-03  4.69793D-01  7.81679D-01 -7.85968D-01 -5.11639D-01 -3.35662D-01 -3.28752D-01
   1.00000D-03 -5.53919D-01 -6.15281D-02  1.13344D-01  1.37588D-01  1.72848D-01  1.54780D-01
   1.00000D-03 -6.65066D-01 -4.91489D-02 -2.39307D-01 -7.09944D-01  1.00971D-01 -4.38038D-01
   1.00000D-03  3.01886D-01  1.45091D+00  7.44235D-01 -1.04009D-01  3.12483D-01 -7.28241D-01
   1.00000D-03  8.22837D-02  1.59089D-01 -7.82688D-01  1.81057D-01 -2.04955D-01 -2.15339D-01
   1.00000D-03 -1.87065D+00  1.33723D-01 -6.00694D-01  1.30708D-01  1.10280D-01  1.49800D-01
   1.00000D-03 -3.04995D-01 -9.96517D-02  5.05441D-01 -6.99163D-01  3.65795D-01  7.08938D-01
   1.00000D-03 -1.57987D-01 -7.43863D-01  1.29310D+00  1.21406D-01  9.21796D-02  1.75479D-01
   1.00000D-03 -5.64286D-02  3.24056D-01  2.05099D-01  7.30563D-01  4.98919D-01  3.53795D-01
   1.00000D-03 -6.50562D-02  4.96021D-01 -7.87848D-02  2.19662D-01  5.01264D-01 -8.21886D-01
   1.00000D-03  3.18284D-01  5.57475D-01 -5.31379D-01  5.23481D-01 -5.80789D-02  7.43043D-02
   1.00000D-03  7.44976D-02  2.54886D-01 -1.47207D-02 -8.69139D-02  9.46890D-01 -3.43676D-01
   1.00000D-03  3.91844D-01 -6.08103D-01  3.33754D-01  7.72583D-01  6.10344D-01  2.60843D-02
   1.00000D-03 -9.13527D-02 -6.71804D-01  4.84520D-01 -3.85220D-01  7.14335D-01  2.96597D-01
   1.00000D-03  1.26181D-01  2.21451D-01  1.72042D-02  2.26281D-01  6.43912D-01  6.17219D-02
   1.00000D-03 -4.90701D-01  5.22664D-01  2.16698D-01 -1.16508D-01  2.44383D-01 -2.11951D-01
   1.00000D-03  1.22844D-01  2.42312D-01 -1.87022D-01  5.24168D-02  7.51277D-01  5.56567D-02
   1.00000D-03 -2.45747D-01 -1.53093D-01 -1.38392D-01 -5.61725D-01  2.32161D-01  6.08010D-01
   1.00000D-03 -6.91251D-02  4.45790D-01  6.27079D-02  3.16233D-01  1.57696D-02  4.00548D-02
   1.00000D-03 -1.88099D-01 -9.20504D-02  9.72723D-02 -6.79272D-01  2.87031D-01  7.40644D-01
   1.00000D-03  1.65716D-01  2.61889D-01 -5.42882D-02 -3.03547D-01 -1.49339D-01 -2.85817D-01
   1.00000D-03 -8.31229D-01 -3.85596D-01  3.56546D-01 -4.91143D-01 -6.42542D-01 -1.29106D-01
   1.00000D-03  1.60765D-02 -1.53226D+00  4.63818D-01  1.31954D-01  1.41980D-01  2.06789D-01
   1.00000D-03 -1.07485D+00 -1.73743D+00  1.92920D+00  2.96864D-01 -3.41914D-01  3.03861D-01
   1.00000D-03 -1.89786D+00  8.66698D-01  1.10533D+00 -4.38208D-01 -4.00066D-02  2.96800D-01
   1.00000D-03  9.21043D-01  1.87197D-01 -2.21726D-01  7.80403D-01  1.69692D-02  7.32884D-01
   1.00000D-03  7.28312D-01  1.99147D-01  1.42575D+00  6.05960D-01 -1.79781D-01  6.00245D-01
   1.00000D-03  1.40882D-01 -1.41626D+00 -2.19056D-01 -5.00127D-01  3.25206D-01  1.81578D-01
   1.00000D-03  4.19069D-03 -4.28816D-01  3.03978D-01 -5.05872D-01 -3.85970D-01 -1.57330D-01
   1.00000D-03  1.44112D-01  2.74359D-01 -2.86617D-01  1.73958D-01 -3.37467D-01 -7.89788D-01
   1.00000D-03 -3.15200D-01  1.91386D-01 -1.79862D-01 -6.86758D-02  8.45524D-01  3.87620D-01
   1.00000D-03  4.73552D-01  9.06192D-01  4.68484D-01  2.26910D-01  1.10486D-01 -3.35910D-01
   1.00000D-03 -3.11787D-01 -5.43949D-01 -4.02062D-01 -4.48518D-01  1.21209D-01 -5.77520D-01
   1.00000D-03  2.13917D-01  3.16999D-02 -4.75437D-02 -5.45631D-01  8.03892D-02  4.80176D-01
   1.00000D-03  2.63949D-01  1.35694D-01 -1.97609D-01  8.53033D-01 -5.49668D-01 -5.87379D-03
   1.00000D-03  4.51972D-01 -3.47239D-01  3.19377D-01 -4.09157D-01  8.78209D-01 -2.03897D-01
   1.00000D-03 -3.03082D-01  1.83008D+00  1.73666D-01 -8.20739D-03  1.82733D-01  3.29164D-01
   1.00000D-03 -2.14155D-01 -2.60494D-01 -7.69065D-02 -4.24128D-01  2.94577D-01  2.21549D-01
   1.00000D-03  4.66240D-01  1.28291D+00 -8.58435D-02  4.30449D-01 -5.48690D-01 -1.59170D-01
   1.00000D-03  1.05032D+00  2.48386D-01 -5.95838D-01 -1.67824D-01  1.88730D-01 -6.52753D-01
   1.00000D-03  3.16785D-01 -1.64447D-01  2.29396D-01 -9.70148D-01 -4.50709D-01 -3.41965D-02
   1.00000D-03 -1.00766D+00  8.43919D-01 -1.48894D+00  1.01534D-01  2.57954D-01 -5.67498D-01
   1.00000D-03  9.37924D-02 -6.73721D-02 -2.22175D-01 -8.50366D-01  6.91541D-02 -3.28075D-01
   1.00000D-03  3.02277D+00 -2.20196D+00  1.59620D+00 -5.65749D-02 -2.54922D-02  2.58066D-02
   1.00000D-03  1.96651D-01  1.82573D-01  2.33089D-02 -6.69217D-01 -1.88153D-01  3.75117D-01
   1.00000D-03  3.93009D-02 -1.19559D-01  2.61431D-02  5.18203D-01  8.38235D-01  2.27184D-01
   1.00000D-03 -4.04265D-01 -7.67013D-01 -2.90970D-01  4.22698D-01  1.26818D-01  9.25801D-02
   1.00000D-03  2.99872D-01  7.41445D-02 -3.19575D-01 -8.27764D-02  1.15378D-01  6.23376D-01
   1.00000D-03 -4.97795D-01 -2.94362D+00  1.31723D+00  6.30793D-02 -2.85924D-01 -1.21881D-01
   1.00000D-03 -8.22162D-02  1.27293D+00  2.27641D+00 -1.50502D-01 -5.09375D-01  4.71194D-02
   1.00000D-03 -4.60151D-01 -8.29489D-01 -1.47032D-01  2.23346D-01 -1.72818D-01 -2.34615D-01
   1.00000D-03 -4.83940D-01 -2.14950D-01  1.38162D+00 -6.59827D-01  2.72535D-01  2.55343D-01
   1.00000D-03  2.36211D-01 -1.51657D-01 -2.95432D-01 -1.31378D-01 -4.17220D-01 -5.47599D-01
   1.00000D-03  1.33946D-01  2.26174D-01 -2.87417D-01  3.30556D-01  1.85494D-02 -1.07436D+00
   1.00000D-03  1.34437D-02 -8.90333D-01  2.33869D-02  3.19386D-01  1.70517D-01  3.80231D-01
   1.00000D-03 -1.20526D-02 -1.09982D+00  9.28436D-03  9.59922D-05 -2.78479D-01  5.37918D-01
   1.00000D-03 -1.83081D-01 -2.50407D-01 -2.55620D-01  3.17664D-01 -2.27144D-01  1.18169D-01
   1.00000D-03  4.27741D-01 -2.62623D-01  1.49739D-02 -3.52847D-01 -2.61979D-01  3.12575D-01
   1.00000D-03 -4.93985D+00  9.03260D-01 -5.29194D-01  2.18418D-02 -1.40970D-01  8.06705D-02
   1.00000D-03 -6.28014D-01 -2.69138D-01 -2.00286D-01  5.56242D-01 -7.33879D-01 -2.26427D-01
   1.00000D-03  4.91271D-01  3.50219D-01  1.57879D-02  1.39052D-01 -1.34117D-01 -1.46847D-01
   1.00000D-03 -5.90784D-01  6.75320D-01  1.03702D+00 -3.14729D-02 -9.30433D-02  7.46857D-02
   1.00000D-03  5.62086D+00 -7.80307D-01  7.05332D-01 -2.41265D-01 -1.61562D-01 -4.59068D-01
   1.00000D-03  4.47573D-02 -6.20016D-02 -3.53195D-01  3.91408D-01 -8.31503D-01  5.23670D-01
   1.00000D-03 -4.69843D-01 -3.63202D-02 -2.35199D-01  9.69558D-01  9.66307D-02  3.18783D-01
   1.00000D-03  2.82859D-01  4.09744D-01 -1.59303D-02 -5.29051D-02 -2.82168D-01 -2.54423D-02
   1.00000D-03 -1.96135D-02  1.85644D-01 -6.09156D-03  3.31788D-01 -3.47645D-01 -4.50058D-01
   1.00000D-03  8.82662D-02  1.38173D-01  3.57916D-02  6.78001D-01  4.59728D-01  2.36480D-01
   1.00000D-03 -1.28714D-01 -1.05261D-01 -9.52290D-02 -1.40904D-01  3.00577D-01  2.38531D-01
   1.00000D-03 -4.76771D-01 -2.62508D-01  8.56079D-01 -5.99648D-01 -1.00133D-01 -5.84099D-03
   1.00000D-03  7.51826D-01  2.27224D+00  1.33449D+00  4.65375D-01  1.22868D-01 -1.68926D-01
   1.00000D-03 -9.89631D-01 -3.35997D-01  2.16729D+00  8.78890D-02  5.52995D-01  1.51124D-01
   1.00000D-03 -6.07910D-01 -3.87535D-01  6.61107D-02 -3.89935D-01 -1.59276D-04  8.72591D-02
   1.00000D-03 -4.97777D-01  2.55825D-01 -1.14615D-01  8.68755D-02  2.43376D-01 -8.33932D-01
   1.00000D-03  5.09106D-01  6.60931D-01  3.48383D-01  1.40659D-01  4.71155D-01  4.30861D-01
   1.00000D-03 -2.79731D-01 -3.06422D-02  1.56244D-02  8.55139D-01 -2.65005D-01 -5.14856D-01
   1.00000D-03  2.91074D-01 -1.21017D-01  2.81784D-01  3.95125D-02 -7.96692D-01 -9.58618D-01
   1.00000D-03 -8.10038D-01 -6.91979D-01  7.31649D-02 -1.71610D-01  4.47853D-01  1.55684D-01
   1.00000D-03 -6.39445D-01 -3.99218D-01  5.94728D-01 -4.13967D-02  1.32058D-01  2.77208D-01
   1.00000D-03 -5.64959D-01 -3.23661D-01  4.48347D-01  4.39958D-01  1.13994D-01 -2.26824D-01
   1.00000D-03 -4.94685D-01  7.35701D-02  5.31728D-03 -1.50868D-01 -2.43084D-01  1.42994D-01
   1.00000D-03 -2.66377D-01 -5.06712D-01  4.31709D-01 -1.68602D-01 -5.88919D-01  4.30369D-01
   1.00000D-03  9.07882D-01  6.86980D-02 -5.58953D-02  5.14555D-01  1.66036D-02  2.75278D-01
   1.00000D-03 -4.33962D-01 -3.85858D-01  6.76414D-01 -5.04336D-03 -1.03694D-01  6.43735D-02
   1.00000D-03  2.20509D-01  4.30555D-01 -1.13723D-01  1.37387D-01  7.17476D-01 -4.39610D-02
   1.00000D-03 -1.16847D-02 -2.05487D-01 -5.27053D-04 -3.11907D-01  3.53741D-01 -8.28760D-01
   1.00000D-03 -6.18586D-01 -9.72061D-01 -3.00870D-01 -2.44894D-01  1.49933D-01 -1.81961D-01
   1.00000D-03  1.21425D+00  3.99696D-01 -1.82036D+00  3.08606D-02 -2.28428D-01 -5.98040D-02
   1.00000D-03 -2.29575D-01  3.98096D-01  1.41624D-01  2.04505D-01 -1.44685D-01  1.10705D+00
   1.00000D-03 -1.21666D-01 -1.11592D+00  1.52069D+00 -9.72414D-02  2.72923D-01 -1.15609D-01
   1.00000D-03 -3.02332D-01 -2.31470D-01  2.11288D-01  8.16436D-02  2.01995D-01 -7.38804D-01
   1.00000D-03  1.74226D-01  2.38489D-01  3.73797D-01  2.46130D-01  2.92352D-01  6.31803D-02
   1.00000D-03  1.20711D-02  2.00842D-01 -1.48596D-01  1.40294D-01 -1.42819D-01 -6.83192D-02
   1.00000D-03  2.58393D-01 -1.07931D+00  1.75593D+00 -4.23697D-01  3.79424D-02 -1.80684D-01
   1.00000D-03 -6.56629D-01 -1.16633D-01  6.45693D-01  4.92704D-01 -3.17915D-01 -1.95749D-01
   1.00000D-03  5.03166D-02 -2.24103D-01 -4.49184D-02 -7.01386D-01 -2.60094D-01 -5.65531D-01
   1.00000D-03 -8.80394D-01 -5.63435D-01 -1.55552D-01 -9.78948D-02  1.70991D-02  2.15014D-01
   1.00000D-03 -1.40193D-02  1.04592D-01  4.20351D-01  1.61752D-01  2.00049D-01  1.27710D-01
   1.00000D-03 -9.95683D-02 -4.59673D-01 -3.57717D-01  2.55168D-01  9.20976D-01  1.33911D-01
   1.00000D-03 -6.23192D-01 -1.32310D+00  1.92018D-01  6.08793D-01 -2.20297D-01 -3.76369D-01
   1.00000D-03  6.86034D-02  3.59116D-01 -4.74872D-01 -5.00200D-01  2.11436D-01  5.87425D-01
   1.00000D-03 -6.07461D-01 -5.41473D-01 -4.91773D-01 -2.00599D-01  2.83668D-01 -1.43773D-01
   1.00000D-03 -8.36551D-02 -5.01903D-02  1.34919D-01  9.94655D-02  3.05643D-01 -6.16665D-01
   1.00000D-03  1.11502D+00 -3.57847D-01  1.04862D+00  3.95315D-02 -1.79428D-01 -1.96231D-01
   1.00000D-03  2.58143D-01 -5.18529D-01 -1.42652D-01  6.35634D-01  2.02453D-01 -3.30161D-01
   1.00000D-03 -2.77715D-02  3.99476D-01 -3.04216D-01  2.49291D-01  2.72790D-01 -6.41485D-01
   1.00000D-03  1.94416D+00 -1.34885D-01  7.81715D-01  2.49481D-01  2.81671D-01 -2.06655D-01
   1.00000D-03  1.65668D-01  3.26131D-01  3.48999D-01  1.75093D-01 -1.08636D-01  1.98477D-01
   1.00000D-03  4.46523D-01  1.03713D+00 -1.16759D+00  1.46967D-01  3.91188D-01  6.56657D-02
   1.00000D-03  3.12737D-01 -1.89165D-01 -3.74457D-01 -1.94313D-01 -3.66336D-01 -4.23469D-03
   1.00000D-03 -7.55970D-01  3.68038D-01  1.83763D-01 -3.14608D-02  2.45572D-01 -6.06097D-02
   1.00000D-03  1.04969D-01 -1.03487D+00 -1.83182D-01 -6.72995D-01  1.24939D-01  1.92832D-01
   1.00000D-03 -7.76574D-01  2.98288D-01 -6.51989D-01  6.71228D-02 -1.11407D+00 -6.80652D-02
   1.00000D-03  1.26816D-01 -3.70689D-01  9.77103D-04 -2.77171D-02 -7.56505D-01 -8.77667D-01
   1.00000D-03 -6.70677D-01 -6.66818D-01  1.55250D-01 -4.32061D-01 -1.92102D-01 -2.97261D-01
   1.00000D-03  4.38043D-01  1.44038D-01 -6.73711D-03  6.24370D-02 -5.46034D-01  3.07744D-01
   1.00000D-03  1.47984D-01 -2.91255D-01 -4.70626D-01  8.26071D-01  1.02958D-01 -1.52353D-01
   1.00000D-03  2.44477D-02  3.94946D-01  7.58061D-01 -3.25535D-01 -1.48164D-01  3.23255D-01
   1.00000D-03 -5.11418D-01 -8.01521D-01  3.09962D-01 -3.62289D-01  1.52112D-01  7.56109D-02
   1.00000D-03 -1.21448D-01 -1.42776D-01 -9.39555D-02 -4.58202D-01  4.14824D-01 -8.07647D-02
   1.00000D-03  3.74941D-01 -5.59788D-02 -4.81688D-01 -8.17542D-01 -2.05058D-01  1.97589D-02
   1.00000D-03  1.32965D+00  9.44757D-01 -6.98896D-01 -4.37977D-02  8.84649D-02  1.52138D-01
   1.00000D-03 -4.32658D-02  5.52424D-01  3.38924D-02 -2.24406D-01 -9.74832D-01  2.71769D-01
   1.00000D-03  1.00125D-02  3.22666D-01  5.47365D-01 -1.23608D-01 -9.35842D-01 -4.78665D-01
   1.00000D-03 -8.43901D-01  1.92910D-01 -1.83369D+00 -4.79895D-01 -1.07269D-01  7.69396D-02
   1.00000D-03  9.82074D-02 -7.32078D-02 -5.21170D-01 -1.10309D-03  3.66329D-01 -1.15221D-01
   1.00000D-03  8.20238D-01  3.90412D-01 -4.92971D-01 -8.47875D-02  1.06110D-01 -5.95139D-02
   1.00000D-03 -1.87194D-01 -1.80083D-03  6.08262D-01  9.24691D-01 -1.91330D-01  4.15898D-02
   1.00000D-03  2.63362D-01  5.18339D-02 -1.12898D+00  3.21010D-01 -2.91248D-02  1.08842D-01
   1.00000D-03 -4.06943D-02 -1.49292D-01  7.07261D-02  3.38209D-01 -6.44958D-01 -7.95151D-01
   1.00000D-03  1.42920D-01  1.20314D-01 -1.67606D-01 -6.91615D-01  5.55176D-01 -6.12102D-01
   1.00000D-03 -6.11928D-02  1.04642D+00 -9.42624D-01  1.41862D-01 -6.52447D-02 -2.17637D-02
   1.00000D-03  8.87401D-01  6.75582D-01  3.74837D-01  6.97721D-01 -5.16273D-01 -5.28419D-01
   1.00000D-03  2.53636D-01  1.29550D-03 -2.60851D-01 -3.19429D-01 -5.39644D-01 -2.59502D-01
   1.00000D-03  1.33914D-01  4.01180D-03 -7.73568D-01  4.45271D-01 -1.82689D-01  2.41425D-01
   1.00000D-03 -2.61619D-01 -6.54298D-02 -1.68932D-01  1.31655D-02  6.08701D-01 -1.12169D+00
   1.00000D-03  5.43359D-01 -2.90947D-01  6.17219D-01 -2.18219D-01 -1.48965D-01  3.69975D-01
   1.00000D-03 -4.77773D-01  4.25451D+00 -8.93790D-01  2.41594D-01 -3.46349D-02  1.93614D-01
   1.00000D-03  3.60549D-01 -3.33439D-02  6.74649D-01  5.76531D-01  3.47348D-03 -1.89200D-02
   1.00000D-03  1.58766D-02 -9.42302D-02 -4.57788D-02 -1.94356D-01 -9.42318D-03 -4.91176D-01
   1.00000D-03  3.74317D-01 -2.59293D-01 -1.33356D+00 -3.53079D-01  2.91314D-01  1.45947D-01
   1.00000D-03  2.62163D-01 -4.72411D-01  8.34273D-01  2.26052D-01  7.57812D-01 -3.50580D-02
   1.00000D-03 -2.77768D-01 -5.93151D-01 -1.60083D+00 -6.66124D-02 -1.43652D-01  7.05974D-01
   1.00000D-03  9.37441D-01  1.63096D-01  4.04689D-02 -5.81286D-01 -4.71261D-02 -4.11181D-02
   1.00000D-03  2.69016D-01  2.06808D-01  3.29617D-01 -4.01839D-01 -2.21532D-01 -9.25299D-01
   1.00000D-03 -4.23331D-02  2.57325D-01 -6.25897D-01 -6.11375D-01 -3.10042D-01 -2.74179D-02
   1.00000D-03 -6.60618D-01  6.10197D-02  4.00320D-01 -1.16979D-01  5.19520D-01 -1.65510D-01
   1.00000D-03 -8.00317D-01 -2.27804D-01  2.09103D-01 -1.88123D-01  6.88919D-01 -3.66943D-01
   1.00000D-03  4.80308D-01 -1.69190D-01  7.42603D-02 -9.64531D-01 -4.33498D-01  3.53538D-01
   1.00000D-03  5.72034D-03 -8.61095D-01 -5.90915D-01  2.55971D-01 -3.75855D-01 -6.68305D-01
   1.00000D-03  1.31687D-01  2.73982D-01  6.73900D-01  3.14571D-01 -1.16799D+00  2.25564D-01
   1.00000D-03  3.41630D-01 -4.07095D-01  2.21683D-01  1.67121D-02 -7.94865D-01  1.76361D-02
   1.00000D-03 -8.43907D-01  2.11780D+00  1.62178D+00  1.81679D-02  3.08498D-01  3.37112D-01
   1.00000D-03 -3.63603D-01  4.00222D-02  6.08811D-01 -2.18257D-02  5.44566D-01  2.18926D-01
   1.00000D-03 -8.95850D-02 -1.32340D+00  1.48023D-01  4.80098D-01  3.08292D-01  3.34593D-01
   1.00000D-03 -3.92424D+00 -1.04275D+00 -7.18361D-01 -2.64115D-01 -2.04901D-02 -1.81203D-01
   1.00000D-03  3.00505D-01 -2.23415D-01 -4.70532D-01 -2.30847D-01 -5.85983D-01  4.39318D-01
   1.00000D-03 -1.99674D-01 -4.48351D-02 -5.20556D-01  4.16750D-01  2.40210D-01  3.37713D-01
   1.00000D-03  4.24804D-01  1.40614D+00  1.44318D+00  2.96199D-01 -3.73522D-01  1.96563D-01
   1.00000D-03  9.45534D-01  1.08466D+00  1.43507D-01  5.54024D-01  5.03825D-01  2.62533D-02
   1.00000D-03  4.39063D-01  6.79491D-01  2.45230D-01 -2.05927D-01 -8.40161D-01  5.68136D-02
   1.00000D-03 -4.62577D-01  7.18362D-02  3.60817D-01 -4.47930D-01  3.42283D-01 -6.37452D-01
   1.00000D-03  2.35803D-01 -1.99075D-01 -6.20701D-02  2.41273D-01 -9.56633D-01 -6.21920D-01
   1.00000D-03 -8.70138D-02 -2.93921D-02  3.03118D-01 -1.78378D-01 -1.02407D-02  1.83899D-01
   1.00000D-03 -2.63363D-03  1.38520D-01  1.13752D-01 -4.42221D-01  1.24175D+00 -5.84192D-01
   1.00000D-03  3.18413D+00  1.17393D+00  3.31274D+00 -9.29534D-02 -1.53001D-02 -4.36795D-02
   1.00000D-03  1.18974D+00  1.84262D-02  1.35500D-01 -2.56115D-01 -3.10410D-01 -4.34739D-01
   1.00000D-03  4.53876D-01 -4.98122D-01 -4.08059D-01 -9.75898D-02  7.74967D-01 -6.90872D-01
   1.00000D-03 -1.82016D-01 -3.82223D-01  5.68926D-01 -1.94708D-01  6.71718D-01 -5.55966D-01
   1.00000D-03  2.23041D-01 -3.21407D-01 -8.73976D-02  2.77000D-01  2.80353D-01  7.50093D-01
   1.00000D-03 -2.72070D-01  2.98448D-01  3.56958D-01 -1.96285D-01 -6.19175D-02 -1.07273D+00
   1.00000D-03  5.53678D-02 -2.49133D-01  3.33760D-01 -4.19878D-01 -1.30803D-01 -6.95776D-01
   1.00000D-03  4.09687D-01 -1.26934D-01  1.39240D-01  2.02298D-01 -2.54094D-01  7.30756D-01
   1.00000D-03 -1.28718D-01  4.20524D-01  2.09109D-01 -6.44203D-02  2.05553D-01 -2.89955D-01
   1.00000D-03  1.99798D+00  1.48347D+00 -1.66324D+00  1.62870D-01 -4.18823D-01 -3.05389D-01
   1.00000D-03  8.86414D-01  4.48976D-01 -4.03807D-01  5.46069D-01  8.35006D-02 -1.56583D-01
   1.00000D-03 -2.57597D-02 -5.99508D-01  2.03631D-02  2.21489D-01  1.61788D-02 -1.25981D-01
   1.00000D-03  6.90220D-02 -2.08001D-01  6.25206D-01 -2.34408D-02  1.52623D-01 -3.41714D-01
   1.00000D-03 -1.71701D+00  1.46985D+00  3.08986D-01  4.88296D-01 -6.45020D-02 -5.02427D-02
   1.00000D-03 -2.82891D-02 -4.58694D-01 -7.64920D-01  9.66818D-01 -3.01167D-01 -3.65297D-01
   1.00000D-03  3.83648D-01 -2.36708D-02 -8.73086D-02  6.61226D-01 -8.36956D-01  4.38540D-02
   1.00000D-03  7.77291D-01  8.90263D-01  6.41411D-01  2.46004D-01  1.01592D-01  1.37903D-01
   1.00000D-03  9.92759D-02 -2.65106D-01  3.64736D-02 -3.71889D-01  1.63105D-01 -1.10528D+00
   1.00000D-03  1.08746D-01  6.70344D-01  7.75647D-05 -2.23841D-01 -5.13744D-01  1.72071D-01
   1.00000D-03  1.10524D+00  2.57386D+00 -7.68843D-01  1.66531D-01 -2.92677D-01 -2.02015D-01
   1.00000D-03  6.33467D-01  7.70140D-02  1.15044D+00 -1.25833D-01  4.70512D-01  6.26039D-01
   1.00000D-03 -3.43957D+00 -6.35207D-01 -9.07422D-01 -4.85310D-02  4.32409D-03 -1.06814D-01
   1.00000D-03 -5.92262D-01  2.81339D-01  3.23686D-01  3.48451D-01 -6.49651D-01  3.48905D-01
   1.00000D-03  2.29255D-01  6.39824D-01 -9.97728D-01  7.55983D-01 -8.33812D-02  2.62611D-01
   1.00000D-03  1.38616D+00 -1.29357D+00  9.50037D-02 -3.18649D-01  1.02722D-01 -4.08121D-01
   1.00000D-03  9.69722D-02  1.84588D-02 -2.13843D-01 -5.32003D-02 -1.25301D+00  1.99180D-01
   1.00000D-03 -3.72287D+00 -2.75861D+00 -3.24055D-01  2.36739D-01  3.04473D-02 -7.67238D-02
   1.00000D-03  1.03308D+00  1.55694D+00  1.38675D+00  3.54938D-01  4.45440D-02 -1.42080D-01
   1.00000D-03 -7.01887D-01 -8.67460D-02 -2.40424D-01 -1.66044D-01 -5.55585D-01 -7.68531D-01
   1.00000D-03 -2.35179D-01 -2.27544D-01  6.70501D-01  1.84378D-01  6.97318D-02  7.10639D-01
   1.00000D-03 -7.62224D-01 -2.25432D-01  1.81681D-03 -5.44290D-01  8.85935D-01 -3.30205D-01
   1.00000D-03 -2.91115D-01 -7.68246D-02  7.02501D-01  1.17213D-01 -2.51881D-01 -8.93887D-01
   1.00000D-03  8.26554D-01 -4.18637D-01 -9.39525D-01 -3.38892D-01  1.21106D-01 -2.33132D-01
   1.00000D-03  4.41138D-01  3.06769D-01  5.50801D-02 -5.05487D-01 -1.50334D-01 -4.71341D-01
   1.00000D-03  1.04419D+00  9.36028D-01 -8.12975D-02 -9.26128D-02 -3.39573D-02  6.64934D-01
   1.00000D-03 -5.69178D-01  1.49976D+00 -1.01040D+00 -1.31509D-01 -2.71146D-01  5.21104D-01
   1.00000D-03  2.58204D-02 -1.00731D-01 -1.21551D-01  4.58749D-01 -4.09052D-01  3.04277D-01
   1.00000D-03 -2.87370D-01 -1.78006D-01  1.47522D-01 -6.05117D-02  3.06038D-02  2.54653D-01
   1.00000D-03 -5.90671D-01 -6.12640D-01  2.12725D-01 -8.32606D-01  1.56640D-01  2.51225D-01
   1.00000D-03 -1.88687D+00  1.41594D+00  1.05454D+00  6.49775D-02 -4.66725D-01  4.70039D-01
   1.00000D-03  1.60807D-01 -2.56321D-01 -1.07757D-01  7.49592D-02  7.92597D-03  1.60196D-01
   1.00000D-03  7.93813D-02  4.88031D-02  3.11019D-01  6.30515D-01 -4.87606D-01  2.70918D-01
   1.00000D-03 -1.51431D+00  2.35273D-01 -1.29854D+00  8.42651D-02 -2.59712D-01  2.85005D-01
   1.00000D-03 -1.86678D-01  2.03884D+00 -3.95898D-01 -2.55611D-01  2.93598D-01 -2.86005D-01
   1.00000D-03 -6.94997D-01  2.81144D-01 -3.23177D+00  4.43816D-01  1.24775D-02  3.54308D-01
   1.00000D-03 -7.06347D-01 -1.97976D-01 -3.72131D-01 -2.18139D-01  2.90111D-01  7.10519D-01
   1.00000D-03  1.86069D-01  3.19667D-01 -1.93588D-01 -8.22263D-01  1.92733D-01 -1.45747D-01
   1.00000D-03  1.35837D-01  4.61599D-01  3.62618D-01 -1.04923D-01  7.90887D-02 -1.80991D-01
   1.00000D-03 -1.16667D+00  3.46502D-01  2.15653D-01  4.43526D-01  3.36898D-01  1.18053D-01
   1.00000D-03  1.31810D-01 -6.89802D-01 -3.30050D-01  1.06493D-02  3.28800D-01 -6.58821D-01
   1.00000D-03  1.36433D+00 -1.95568D+00 -5.26301D+00  2.08183D-01 -1.19552D-01  1.98125D-02
   1.00000D-03  4.78799D-02 -3.53727D-01 -4.08425D-01 -5.12162D-01  3.31356D-01 -3.03619D-01
   1.00000D-03  6.77512D-01 -1.37564D+00 -2.69690D+00  2.10866D-02 -2.10204D-02 -2.07394D-01
   1.00000D-03  7.99715D-02  1.96123D-01  4.83880D-01  6.98451D-01 -2.43852D-01  2.96001D-01
   1.00000D-03 -6.92920D-01 -6.94021D-02  1.59397D-01  8.21087D-02 -1.91222D-01 -3.44749D-01
   1.00000D-03  2.63540D-01  4.76907D-01  3.12929D-02 -5.85721D-01 -1.94868D-02  2.12555D-01
   1.00000D-03 -1.53474D-01  2.08249D-01  8.03303D-01 -4.80657D-01  6.26827D-01 -2.32033D-01
   1.00000D-03 -1.31477D-01  9.59988D-01 -1.62843D-01 -4.25958D-01 -5.44575D-01 -6.76772D-02
   1.00000D-03  4.06233D-02  1.62871D-01  1.24366D-01  1.76851D-01 -9.67026D-01 -2.48529D-01
   1.00000D-03  5.24912D-01 -4.62548D-01  2.08283D-01 -1.63655D-01 -4.41136D-01  6.53506D-01
   1.00000D-03  3.49122D-01 -2.30541D-01  3.06292D-01  1.07686D+00 -4.09267D-01 -2.89094D-01
   1.00000D-03  2.56207D-01 -1.41537D-01  6.27725D-01 -4.01284D-01  5.61787D-02 -5.13810D-01
   1.00000D-03  8.81118D-02  1.69795D-02  8.57865D-01  1.18995D-01 -2.59337D-02  6.38642D-02
   1.00000D-03 -1.10949D-01 -9.38493D-01 -1.48395D-01 -2.12066D-01  7.83814D-02 -2.80120D-01
   1.00000D-03 -3.75035D-01 -1.26627D+00 -2.80346D-01 -3.69882D-02 -2.10707D-01  5.49636D-02
   1.00000D-03 -4.80208D-01  1.97141D-01 -2.64049D-01  1.24447D+00  4.42391D-02 -3.47847D-01
   1.00000D-03 -8.34329D-02 -4.28400D-01  4.35182D-01  1.07419D-01 -4.62759D-03  3.46066D-01
   1.00000D-03  7.23793D-01 -2.85716D-01 -9.91831D-01 -3.60348D-01  9.30807D-02  3.87404D-01
   1.00000D-03  4.03188D-01  4.19341D-01 -1.43261D-01  2.14500D-01  1.31457D-01  3.32614D-01
   1.00000D-03 -1.22527D-01  4.45528D-02 -2.55012D-01 -1.05596D+00  1.02769D-01  7.31659D-01
   1.00000D-03  3.10731D-01 -1.11818D+00 -4.28104D-01 -2.23653D-01 -5.04823D-02  9.59951D-02
   1.00000D-03 -9.33515D-02 -1.10325D+00  6.40247D-01 -1.51740D-01  7.75158D-01  4.33852D-01
   1.00000D-03  4.49886D-01 -1.87287D-01 -5.95794D-01 -5.01701D-01 -4.66382D-01 -1.10362D-01
   1.00000D-03 -1.11492D+00  8.19733D-02  9.19197D-01  8.35238D-02  3.49090D-01 -1.23210D-01
   1.00000D-03  4.57863D-01 -3.52885D-01 -8.96758D-01 -3.50991D-01  9.41081D-02  4.29589D-01
   1.00000D-03 -1.28501D+00  3.42194D-01 -9.13146D-01  2.19169D-01 -2.85367D-01 -3.41708D-01
   1.00000D-03 -5.13744D-01 -4.02260D-01  2.64021D-01  5.25075D-01 -2.07755D-01 -4.49486D-02
   1.00000D-03  3.38175D-01  1.86382D-01  1.22648D-01 -7.50841D-01  5.56576D-01  8.47280D-02
   1.00000D-03 -1.61809D-01  2.86965D-02 -1.51265D-01  1.38226D-01 -4.26742D-01 -8.35268D-02
   1.00000D-03 -4.70061D-01 -2.92607D-01  8.34458D-02  1.96003D-01  4.01146D-01 -2.87308D-01
   1.00000D-03 -1.32615D+00  8.99297D-01 -5.56099D-01 -4.43575D-02  6.32007D-02  5.33198D-01
   1.00000D-03 -6.95565D-01  5.04060D-01 -8.30367D-01 -4.22818D-01  1.88564D-01 -1.31001D-01
   1.00000D-03  1.72838D+00  1.81077D+00  2.18644D+00 -2.43069D-01  4.11867D-01  1.39778D-01
   1.00000D-03  4.14221D-01 -2.13597D-01 -5.08878D-01  2.69952D-01  9.34109D-02  5.94454D-01
   1.00000D-03  1.10536D+00  7.46486D-01  3.60815D-01 -3.96023D-01 -4.07712D-01 -3.34777D-01
   1.00000D-03 -2.45896D-01  5.99091D-02 -3.18670D-01  6.86887D-01  1.68979D-01  1.90811D-01
   1.00000D-03 -2.36377D-01  9.11680D-01 -1.07338D+00 -1.65626D-01  1.52688D-01 -7.67760D-02
   1.00000D-03 -1.88601D-01 -3.64213D-01  2.42414D-01 -9.68209D-01 -1.03960D-01 -1.40488D-01
   1.00000D-03  4.68051D-01 -3.38486D-01  2.06626D-01 -1.62571D-01  4.03661D-01  3.59548D-01
   1.00000D-03 -1.64769D+00  3.18080D-01  8.63153D-01 -4.39514D-02  1.85959D-01 -4.42675D-02
   1.00000D-03 -1.26120D-01 -2.60793D-01  3.66777D-02 -5.31902D-01 -6.28623D-01  3.48358D-01
   1.00000D-03  3.02446D-01  8.37854D-01  7.28955D-01 -9.74674D-02  5.09243D-01  8.28738D-03
   1.00000D-03 -4.55728D-01  1.77997D-01 -5.98901D-01 -2.35732D-01  3.69317D-01 -6.87414D-01
   1.00000D-03  6.80871D-01  1.12802D-01  4.11349D-01  6.75446D-02 -1.54003D-01  9.97016D-01
   1.00000D-03 -9.54787D-01  1.10593D+00 -3.23668D-01  4.25107D-01 -1.40242D-01 -2.66675D-01
   1.00000D-03 -6.55115D-02 -4.25588D-01 -1.04760D-01 -5.10393D-01  2.97387D-01 -5.19539D-01
   1.00000D-03 -4.81319D-02 -3.43250D-01 -2.45203D-01  2.37134D-01  5.68547D-01 -3.37439D-01
   1.00000D-03 -1.27551D+00  4.17574D-01 -7.07319D-01 -2.21375D-01 -4.87014D-01  1.25017D-02
   1.00000D-03 -5.09776D-01 -8.98066D-02 -2.19228D-01  6.19203D-01 -4.76091D-01 -6.33683D-01
   1.00000D-03 -4.81493D-01 -8.10931D-01  9.05350D-01 -1.51997D-01  5.76428D-01 -3.19742D-01
   1.00000D-03  3.01462D-01  5.08685D-02  3.77727D-01 -6.22647D-01 -2.96724D-01  3.41315D-01
   1.00000D-03  1.42868D+00 -3.41344D-01  3.83776D+00 -2.09676D-01 -1.80175D-01  1.35703D-01
   1.00000D-03  2.17710D+00 -1.75587D+00 -2.68151D-01 -1.35689D-01 -3.55055D-02  3.96996D-01
   1.00000D-03 -3.13412D-01  8.73411D-01 -1.02293D-01  2.30280D-01 -4.62508D-01  5.21481D-03
   1.00000D-03  1.28657D+00 -1.72511D+00 -1.93771D+00 -2.99314D-01  1.03594D-01 -6.68487D-02
   1.00000D-03  1.60124D-01 -2.75420D-01  8.52370D-01  2.09879D-01 -4.16951D-01 -1.40737D-01
   1.00000D-03 -4.56491D-02  2.51579D-01  1.02508D-01  2.15834D-01 -6.70605D-01 -4.65563D-01
   1.00000D-03 -1.41076D-01 -1.63036D-01  1.59950D-01  8.97617D-02  1.11662D+00 -6.74932D-04
   1.00000D-03  1.33579D-01  1.28137D+00 -1.27267D+00 -1.39434D-01  6.53570D-02  4.98361D-01
   1.00000D-03 -5.23131D-01  2.28342D-01 -4.92727D-01  2.52873D-01  3.48322D-01 -3.65078D-02
   1.00000D-03 -5.12230D-01 -2.36426D-01  5.55698D-01  7.37148D-02  4.06817D-01  3.97067D-01
   1.00000D-03  4.66094D-01 -1.74956D-02 -8.63825D-01  7.49356D-01 -4.40463D-01  7.46889D-01
   1.00000D-03  9.33044D-01  1.96295D+00  1.96217D-01 -3.94627D-01 -8.63688D-02 -1.17875D-01
   1.00000D-03 -1.56120D-01 -6.69590D-02  7.12277D-01  4.99309D-01 -2.45764D-01  4.99947D-03
   1.00000D-03  2.13468D-02 -2.05761D-01  1.26672D-01 -7.75805D-02 -2.00154D-02 -3.44595D-01
   1.00000D-03 -2.33763D-01  9.51972D-01  6.87319D-01  1.55514D-01 -3.25463D-01  2.53022D-01
   1.00000D-03  1.24879D-01 -1.27800D-01  2.39579D-01 -2.93013D-01  5.97338D-01 -7.69243D-01
   1.00000D-03 -2.75114D-02  3.41937D-01  5.66082D-01  7.30059D-01  6.08954D-02  1.66702D-01
   1.00000D-03 -3.53014D-01 -7.77476D-02  4.03335D-01 -6.05265D-01  2.15772D-01 -1.95612D-01
   1.00000D-03 -9.58382D-01  3.69881D-01 -8.50431D-01  3.72742D-01 -4.49394D-01 -1.43621D-01
   1.00000D-03  2.95634D-02  1.51506D-01 -2.52797D-01 -1.73596D-01  3.51386D-01 -4.21302D-01
   1.00000D-03  1.22104D-01 -1.19109D-01  6.80078D-01 -1.75546D-01  5.53333D-01  6.85612D-01
   1.00000D-03  4.26853D-01 -1.67772D-01 -7.56130D-03 -4.97526D-01 -6.73947D-01  6.11832D-01
   1.00000D-03  7.35336D-01  7.45810D-02  1.37414D-01 -4.81877D-02 -3.22723D-01  5.26586D-01
   1.00000D-03 -8.84666D-02  2.79826D-01  7.29239D-01  6.05372D-01  2.19527D-01  3.26211D-01
   1.00000D-03 -2.25649D-01  2.44740D-02  8.90362D-02  2.75764D-01  3.23449D-01 -7.99249D-01
   1.00000D-03 -7.00986D-02  7.87242D-01 -8.33843D-01  4.59125D-01 -5.04698D-01 -5.22996D-01
   1.00000D-03  1.56746D-01 -2.91487D-01  4.73074D-02 -6.72078D-01  3.79548D-01  4.56406D-01
   1.00000D-03 -7.26001D-01 -1.00968D+00  1.01835D+00 -6.95759D-02 -2.87584D-02 -4.85233D-01
   1.00000D-03  2.86571D+00 -4.00670D-01 -3.34242D+00 -2.55766D-01 -3.89238D-01  1.32622D-01
   1.00000D-03 -1.01511D+00  4.07641D-01  2.34083D-01 -3.31624D-01  1.41965D-01  4.57311D-01
   1.00000D-03 -3.61132D-01  1.60883D-01  1.09688D-01 -1.13510D+00 -5.11398D-01 -6.19897D-02
   1.00000D-03  2.55598D-01 -1.04171D-01 -6.73502D-02  4.42302D-01  7.39868D-01 -4.39499D-01
   1.00000D-03 -4.42555D-01  1.35600D+00  2.94195D-01  6.80142D-01 -2.90238D-01  4.11077D-01
   1.00000D-03  5.93780D-01  3.40584D-01 -4.19140D-01 -1.56188D-01 -5.96483D-01  7.46268D-01
   1.00000D-03 -3.82779D-01 -2.76987D-01 -1.77680D-01 -6.61999D-01 -3.18445D-01  4.06230D-01
   1.00000D-03 -4.51047D-01 -3.56641D-02  3.44734D-02 -2.22990D-01  1.13842D+00  6.24559D-01
   1.00000D-03  2.64638D+00 -1.13724D+00  3.59754D-01  1.49458D-01  2.21175D-01 -5.54152D-01
   1.00000D-03  3.30115D-01  3.13199D-02 -2.66426D-01  5.93503D-01 -3.51830D-01  7.20614D-01
   1.00000D-03  5.03272D-02  3.44374D-02  2.85107D-01 -2.89620D-02 -3.30940D-01  4.93075D-01
   1.00000D-03 -3.63157D-01  2.51910D-02  3.12305D-01 -4.95796D-01  6.87292D-02 -1.83364D-01
   1.00000D-03 -3.85811D-01  9.48460D-02  3.99741D-01  6.29603D-01  4.35740D-01 -1.08861D-01
   1.00000D-03 -1.38470D+00  4.64352D-01  1.02756D+00  5.28377D-01 -4.18023D-01  2.29773D-01
   1.00000D-03  3.84158D-02 -4.02897D-01  3.28558D-01  1.85330D-01  3.20860D-01  2.01793D-01
   1.00000D-03 -3.19897D-01 -1.68653D+00  8.88697D-01  1.37184D-01  3.49817D-01  2.78246D-01
   1.00000D-03 -5.71035D-02  3.11952D-01  2.63337D-01  5.19171D-01 -9.05805D-02  4.37477D-01
   1.00000D-03 -1.72327D+00 -3.99505D-01 -9.50124D-01 -2.61602D-01  2.17030D-01 -4.68318D-01
   1.00000D-03 -1.06786D+00  1.58060D+00  1.83322D-01  2.43137D-01 -5.10127D-03 -4.91592D-01
   1.00000D-03  2.07221D+00 -2.48869D+00  9.72602D-01 -9.65531D-02 -2.16878D-01  3.35195D-01
   1.00000D-03  2.58845D-01  1.33031D-01 -9.24733D-02 -1.40394D-01  6.18847D-02 -3.22638D-01
   1.00000D-03 -1.81150D-01 -1.26896D+00 -5.19210D-01  4.95452D-01  8.24477D-02  5.39443D-01
   1.00000D-03  2.01461D+00 -9.99756D-02 -3.76165D-01  1.30749D-01  2.55292D-02 -1.90900D-01
   1.00000D-03  1.33729D+00 -4.47025D-01  9.25113D-01  2.00776D-01  3.32266D-01  9.17849D-02
   1.00000D-03  3.39366D-02  5.16899D-02  4.31706D-02 -2.49508D-01 -2.64577D-01  3.39610D-01
   1.00000D-03  2.97792D-03  3.19343D-02 -3.10942D-01  3.18187D-02  2.84952D-01  2.66766D-02
   1.00000D-03 -3.92898D-01  4.35091D-01  1.65327D-01 -4.88865D-01  5.00708D-01 -4.20680D-01
   1.00000D-03 -1.22529D-01  1.18093D-01  4.14329D-01  1.18819D+00  8.74634D-02 -3.28891D-01
   1.00000D-03  1.42628D+00  4.03732D-01  2.44666D-01  7.38633D-02 -2.84947D-01  1.60314D-01
   1.00000D-03  5.26679D-01  2.98166D-01 -1.85750D-01 -8.05978D-01  4.31056D-01  1.50856D-01
   1.00000D-03 -3.79863D-02 -1.91698D-01  1.20310D-01  1.56268D-01 -1.71010D-01 -2.18260D-02
   1.00000D-03  5.63538D-01  1.80040D-01  3.12679D-01  1.55071D-01  3.00002D-02 -4.68518D-01
   1.00000D-03 -2.58431D-01 -1.64301D-01  3.06166D-01  1.90078D-01  6.20873D-01  3.11329D-01
   1.00000D-03  4.02364D-01 -2.57729D-01 -3.32427D-04 -9.82471D-02 -6.86980D-01  7.63647D-01
   1.00000D-03  3.82388D+00  2.33335D-01  2.78137D+00  2.37204D-01  9.60818D-02  2.62802D-01
   1.00000D-03 -7.96017D-01  4.18759D-01 -5.57984D-01  1.45395D-02 -5.25498D-01 -8.95942D-02
   1.00000D-03 -1.13114D+00 -6.18616D-01 -1.05299D+00  4.92331D-01 -2.39990D-01  3.08105D-01
   1.00000D-03  7.76957D-01 -4.31459D-01  2.38253D-01  3.47393D-01 -2.67068D-02  9.42227D-01
   1.00000D-03  4.28455D-01 -9.28125D-02 -5.92202D-01 -5.85388D-01  6.85014D-02 -4.57524D-02
   1.00000D-03  9.84504D-01  7.62092D-01 -5.12325D-01 -3.48526D-01 -5.19522D-03  1.64500D-02
   1.00000D-03  2.39102D-01  2.97823D-01  6.64942D-01  5.97456D-01 -1.15083D-01 -2.64052D-01
   1.00000D-03 -6.90423D-01  3.13032D-01 -4.55622D-01  2.03915D-01 -4.42872D-01  2.26441D-01
   1.00000D-03 -5.75828D-03  6.21457D-01 -3.38605D-01 -3.46251D-01  3.71596D-01  2.90352D-03
   1.00000D-03 -8.62293D-02 -1.32252D-01  2.53848D-01  1.89878D-01 -1.20315D+00  2.37005D-01
   1.00000D-03 -8.10755D-01 -7.85407D-01 -8.72523D-01 -3.60225D-01 -5.59581D-01  1.72285D-01
   1.00000D-03  1.10029D+00  1.21814D+00  1.32663D+00 -4.37459D-01 -3.94161D-02  4.57608D-01
   1.00000D-03 -4.29982D-01 -1.03226D-01  9.30929D-02 -8.39504D-01 -7.20465D-01 -3.43155D-01
   1.00000D-03 -3.30036D-01 -1.52066D-01  5.00658D-02  4.67589D-01  2.11834D-01 -1.49270D-01
   1.00000D-03 -9.15131D-01  5.30578D-01  8.19042D-01 -2.35299D-01 -5.22571D-02  5.40286D-01
   1.00000D-03  5.33054D-03  6.23899D-01 -4.26203D-01 -2.54141D-01 -2.70712D-01 -3.96400D-01
   1.00000D-03 -1.26648D-01  3.78531D-01  2.82247D-01  9.15931D-02 -3.00268D-01 -1.06274D+00
   1.00000D-03  5.58170D-01  6.49813D-01 -4.62253D-01  5.04338D-01 -2.85188D-01  3.65640D-02
   1.00000D-03 -6.44922D-01  5.30967D-01  6.36075D-01  1.11052D-01  5.37885D-01 -1.08231D-01
   1.00000D-03 -3.12390D-01 -3.80422D-01  8.63751D-02  1.52790D-01  2.08634D-01  5.08268D-01
   1.00000D-03  2.06676D-01  9.22222D-02  1.07763D-01 -4.48450D-01 -1.76903D-01  7.09398D-01
   1.00000D-03 -6.10218D-03  2.06979D-01 -3.62245D-01  7.06113D-02  4.03035D-02  1.38931D-01
   1.00000D-03 -2.85963D-01 -1.61621D+00 -8.11005D-01 -2.78687D-01 -5.09283D-02  4.41810D-01
   1.00000D-03 -6.88192D-02  1.92633D-01 -1.48110D-01 -3.84942D-01 -1.10315D+00  3.20612D-01
   1.00000D-03  6.15752D-01  1.29072D-01 -5.95519D-01  1.61183D-01  7.64769D-01  4.89750D-01
   1.00000D-03  1.30098D+00 -5.80556D-01 -9.23469D-02 -9.40273D-02  3.87876D-01 -3.88709D-01
   1.00000D-03  1.14685D-01  1.01694D-01  1.04377D-01 -1.03406D-01 -7.09057D-02 -1.44570D-01
   1.00000D-03 -1.32739D-01  2.12264D-01  3.44491D-01  4.16700D-01 -8.12291D-01 -3.38272D-01
   1.00000D-03 -5.06357D-01 -4.95075D-01  2.69748D-01 -3.05633D-01  2.60674D-02 -4.50446D-01
   1.00000D-03  6.20967D-01  6.78316D-01 -3.38467D-01  1.63629D-01 -3.71405D-01 -1.02100D+00
   1.00000D-03  6.80008D-02 -9.21712D-01  1.95821D+00 -1.96207D-01  1.68638D-01 -8.13470D-02
   1.00000D-03  9.60201D-02  5.10063D-02  6.71386D-01 -3.27712D-01 -1.48458D-01 -4.91924D-01
   1.00000D-03  5.62702D-01 -1.38813D+00 -5.49872D-01  4.52523D-01  1.70626D-01  9.71554D-02
   1.00000D-03 -6.08109D-01 -2.87632D-01 -2.46925D-01  1.02585D-02 -1.18662D+00  3.04292D-01
   1.00000D-03 -3.83103D-02  5.49882D-02 -5.40662D-01  6.57547D-01 -2.79493D-01  3.02635D-01
   1.00000D-03 -6.81622D-01  7.87712D-02  4.05678D-01 -1.93095D-01 -1.89252D-01 -1.50581D-01
   1.00000D-03  1.89478D-01 -9.09243D-02 -4.03645D-02 -6.86742D-01  7.17052D-01 -3.10526D-01
   1.00000D-03  2.44025D-01 -7.44468D-01 -1.30323D-01 -1.64433D-01  8.88864D-01 -6.31715D-01
   1.00000D-03 -5.94032D-01 -6.11843D-01  1.21191D+00 -1.05277D-02 -4.68463D-01  4.44024D-02
   1.00000D-03 -5.52837D-01  8.39225D-01 -1.27410D-01  6.45497D-01 -3.04957D-01 -1.44689D-01
   1.00000D-03  3.72994D-01  6.00135D-01 -9.82905D-02  2.89870D-01 -9.31915D-01 -5.08406D-01
   1.00000D-03  1.27298D+00  2.72597D+00 -9.51031D-01 -2.10776D-01  5.14031D-02 -1.82101D-01
   1.00000D-03 -1.00020D+00  1.54677D-01 -7.40096D-02 -5.31790D-01  3.47941D-01  3.74629D-01
   1.00000D-03 -1.82047D+00  8.26295D-01 -3.13662D-01  2.27225D-01  1.03046D-01 -3.01885D-01
   1.00000D-03  1.77420D+00 -2.83340D-01  3.12418D-01  2.40976D-01 -1.49514D-01  7.87725D-02
   1.00000D-03 -2.47253D-01  7.23989D-01  9.95048D-01 -1.31798D-02 -3.44592D-01 -2.86307D-01
   1.00000D-03  4.24867D-01  2.91503D-01  1.88179D-01  8.56364D-01  3.69989D-03  2.55227D-01
   1.00000D-03 -1.27868D+00 -5.46550D-01 -1.76379D-01  1.68029D-01  3.98536D-01 -2.74627D-01
   1.00000D-03 -8.88850D-02  6.44700D-01 -2.56543D-02 -3.55560D-01 -6.59702D-01  8.13863D-02
   1.00000D-03  3.59802D-01  4.88729D-01 -5.88596D-01 -3.76995D-01 -5.41221D-01  3.36450D-01
   1.00000D-03 -1.81618D-01 -9.44887D-02 -4.94086D-03 -1.19953D-01  3.49438D-01 -3.02342D-01
   1.00000D-03  7.83426D-01 -4.29796D-01  6.43993D-03 -7.31027D-02  3.29044D-01  6.45822D-01
   1.00000D-03  1.08096D-01  5.22795D-01  2.96484D-01 -4.95322D-01 -1.69310D-01  5.29570D-03
   1.00000D-03 -6.41491D-01 -1.64543D+00  2.43448D-01 -3.07303D-01 -9.42631D-02  1.06392D-01
   1.00000D-03  5.11257D-01  4.00730D-01 -8.46003D-02 -2.04902D-02  1.59983D-01  1.69696D-01
   1.00000D-03  2.83896D-01 -3.35373D-01 -1.79533D-01  6.82078D-01  8.06151D-02 -9.64755D-02
   1.00000D-03 -4.60193D-01  5.86677D-01 -2.87831D-01  1.98003D-01 -2.73175D-01  4.70135D-01
   1.00000D-03 -1.60146D-01 -9.01655D-01 -1.58751D+00 -5.52414D-02 -6.41372D-01  3.93670D-01
   1.00000D-03  1.39328D-02  3.99163D-01 -2.18094D-01 -8.50351D-01 -2.82642D-01  7.16657D-01
   1.00000D-03  2.26806D-01  2.61078D-01 -6.60534D-01  3.76244D-01  1.12997D-01  7.31409D-02
   1.00000D-03  1.76201D+00  7.57916D-01 -2.32612D-02 -1.04076D-01  3.41851D-02  1.33502D-01
   1.00000D-03 -2.56187D-01  1.74896D-02 -6.44918D-01 -2.94695D-01  1.96008D-01 -8.13958D-02
   1.00000D-03  2.91679D-01 -3.63320D-01  3.81430D-01  7.48695D-02  9.12019D-02  3.23486D-01
   1.00000D-03  2.37903D-01 -9.98254D-01  7.42099D-01 -3.08944D-01 -2.39366D-01  3.48531D-01
   1.00000D-03  2.86738D-01 -3.80349D-01 -5.99541D-01 -3.36107D-01  5.36999D-01  1.16087D-01
   1.00000D-03 -3.20158D-01 -6.87690D-01  6.06615D-01  2.92307D-01  7.98714D-01  9.88734D-02
   1.00000D-03  1.26340D-01 -4.46996D-02  3.42972D-01  2.69940D-01 -4.02112D-01  8.57614D-01
   1.00000D-03 -2.58517D-01 -4.59665D-01  8.90519D-02 -1.17040D-02 -6.42887D-02 -9.70072D-01
   1.00000D-03  3.38329D-02  2.25710D-02 -1.05243D-01  8.59769D-01  6.32803D-01 -6.42366D-01
   1.00000D-03  5.71225D-01 -1.99544D+00  1.34555D+00 -1.90761D-01  1.34086D-01  1.03149D-01
   1.00000D-03 -2.79949D-01 -1.67355D+00  9.33911D-02  4.01651D-01  4.77991D-01  9.66525D-02
   1.00000D-03  2.89579D-01 -6.27454D-01 -8.23284D-01  1.98918D-01 -1.02623D-01  1.66807D-01
   1.00000D-03 -1.34484D-01 -1.33958D-01 -2.01839D-01  1.10079D-01  3.63665D-01 -4.51794D-01
   1.00000D-03  2.26163D-01 -7.40413D-01 -1.64503D-01  3.43967D-01  3.72688D-02 -3.96183D-01
   1.00000D-03  6.58259D-02 -1.74647D+00  4.70472D-01  5.67237D-01 -2.96246D-01 -3.77432D-02
   1.00000D-03 -2.90749D-01 -3.64883D-01  1.84293D+00  3.87519D-01  3.12501D-01 -4.57905D-01
   1.00000D-03 -7.98814D-02  2.58800D-01  3.87152D-01 -4.27536D-01 -5.97937D-01 -1.24257D-01
   1.00000D-03  6.24871D-01  3.77195D-01 -1.75622D-01 -4.54879D-01 -2.43747D-01  2.50452D-01
   1.00000D-03 -3.07987D-01  2.83717D-01 -1.18022D-01  4.43712D-01  8.94334D-01 -1.88293D-01
   1.00000D-03 -9.18337D-02 -2.41841D-01 -5.81509D-01  1.88791D-01 -8.07278D-02 -4.55820D-01
   1.00000D-03  6.52812D-01  2.77943D-01  7.43855D-01 -3.39822D-01 -2.24721D-01  5.10122D-01
   1.00000D-03 -4.56442D-01  5.77658D-01  3.12557D-01 -1.88392D-01  2.49042D-01  5.50476D-02
   1.00000D-03  5.77436D-01  1.23535D+00  4.49998D-01  1.01770D-01  2.92343D-01  2.10637D-01
   1.00000D-03  2.77800D-01  9.25684D-02 -2.44161D-01  9.76598D-04 -2.68464D-01 -5.82089D-01
   1.00000D-03  6.78656D-01  2.71667D-01 -9.88902D-01  2.54728D-01  3.86480D-02 -1.82731D-02
   1.00000D-03 -9.94123D-02  7.72762D-02  2.76485D-01 -2.81287D-01  9.98674D-01 -4.66619D-02
   1.00000D-03 -5.31637D-01  1.67849D-01  2.11138D-01  3.06081D-01 -6.00051D-01 -3.73822D-01
   1.00000D-03  1.53310D-01  3.23135D-01  8.32803D-02  2.87193D-01 -5.59852D-01  1.30040D-01
   1.00000D-03  1.28227D-01 -1.11444D+00  2.58616D-01  5.27367D-02 -1.20672D-01 -2.62477D-01
   1.00000D-03 -1.89536D-02  3.47088D-01  1.82148D-01 -1.03448D+00 -1.83265D-01 -7.33984D-01
   1.00000D-03  4.16588D-01  1.64680D+00  1.24126D+00 -2.05124D-01  1.26582D-01  1.78734D-01
   1.00000D-03 -7.70246D-01 -7.06015D-01  2.63544D-01  5.88087D-02  2.77855D-01 -2.45042D-01
   1.00000D-03 -6.20023D-01 -3.04603D-01  4.34792D-01 -4.31197D-01 -2.07472D-01  1.08939D-01
   1.00000D-03  3.56077D-01  1.67382D-01  2.13679D-01  2.85614D-02  4.57368D-01  6.78897D-01
   1.00000D-03 -8.16107D-01  5.29360D-02 -3.57787D-01 -6.43770D-01 -2.74461D-01 -7.79532D-01
   1.00000D-03  4.35874D-01 -8.14784D-02  1.06106D+00  8.23214D-02  6.38882D-02  4.30217D-01
   1.00000D-03  1.20268D-02  1.26446D-01 -1.62418D-01  4.77741D-01 -8.72142D-01 -3.05014D-01
   1.00000D-03  5.77120D-01  3.43582D-01  1.52973D-01  5.95062D-01 -3.55766D-01 -3.50951D-01
   1.00000D-03 -5.45591D-02 -3.71076D-02 -3.02038D-01 -3.62213D-01  1.75618D-01 -5.90978D-01
   1.00000D-03  2.75058D-02 -7.27140D-01 -2.50709D-01  4.07844D-01 -1.63294D-01  3.46791D-01
   1.00000D-03  1.19049D-01 -5.06188D-01  1.18504D-01  2.68995D-02  1.68480D-02  5.43924D-01
   1.00000D-03 -6.80436D-01  4.07451D-01  1.52300D-01  9.85132D-01 -4.34420D-01 -2.82163D-01
   1.00000D-03 -7.53214D-01  6.49798D-01 -4.71624D-01 -2.77428D-01 -2.03863D-01 -1.94873D-01
   1.00000D-03 -3.31760D-01 -7.46672D-01  6.99528D-02  3.13091D-01 -4.57848D-01 -5.92059D-01
   1.00000D-03  8.29632D-02 -4.57083D-02 -7.87788D-01  2.43910D-01  5.54975D-01  4.89223D-01
   1.00000D-03  8.80232D-01 -2.13162D-01 -5.44359D-01 -3.68343D-01  4.84218D-01  4.65923D-02
   1.00000D-03 -2.00334D+00 -7.90331D-02  5.38277D-01  1.62936D-01  3.58170D-01  3.75933D-01
   1.00000D-03 -9.15850D-01 -4.50662D-01 -9.63864D-02 -1.96432D-01 -1.60527D-01  7.01724D-01
   1.00000D-03  3.29654D-01  5.43810D-01  4.49036D-01 -4.46050D-01 -3.73206D-01 -7.79407D-01
   1.00000D-03 -3.64696D-01 -8.64544D-02 -7.10350D-01 -1.81612D-01  9.05279D-02  4.69206D-01
   1.00000D-03  4.94096D-01  6.15778D-02  4.36330D-01 -5.00472D-01  3.29522D-01  6.91257D-01
   1.00000D-03  4.35685D-01 -3.79338D-01 -1.53580D+00  1.33606D-02  4.87296D-02  2.04793D-01
   1.00000D-03 -2.94788D-01 -4.93072D-01  1.13850D+00 -1.84042D-01  2.06842D-01 -1.61693D-01
   1.00000D-03  8.32307D-01  2.42434D-01 -2.99517D-02 -1.92239D-01 -8.78218D-02  6.18523D-03
   1.00000D-03 -8.40590D-01  9.40167D-01 -9.16272D-01 -1.35111D-02 -1.27690D-01  3.96894D-01
   1.00000D-03 -6.86589D-03 -2.59375D-01 -3.80526D-01 -9.10115D-01  1.95900D-01 -3.13308D-02
   1.00000D-03 -5.73526D-01 -9.07215D-01  1.05308D+00  3.50209D-02 -1.09594D-01 -3.18257D-01
   1.00000D-03 -1.15531D-01 -2.13064D-01  3.20170D-01 -8.75298D-01  6.43610D-03  4.26267D-01
   1.00000D-03 -9.62256D-02  8.84251D-01 -4.99240D-01 -2.21963D-01 -5.17811D-01  3.49318D-01
   1.00000D-03 -1.99274D-01  6.89283D-01 -9.93230D-02 -3.41103D-02 -6.21973D-01  3.56871D-01
   1.00000D-03  1.92133D-01 -6.31554D-01  2.70962D-01 -1.36072D-01  2.75861D-01  5.10821D-01
   1.00000D-03 -1.55633D+00 -2.60581D+00 -2.84917D+00  9.42127D-02  3.70263D-01  2.59562D-01
   1.00000D-03  1.68027D+00 -1.17941D+00  1.84402D+00  4.63446D-01 -1.60057D-02  6.30790D-02
   1.00000D-03  5.65029D-01  2.90693D+00 -2.84076D+00  3.11264D-02  2.19150D-02  1.85581D-01
   1.00000D-03  2.79338D-02 -5.92793D-01 -2.53334D-01  1.24179D-01 -1.79439D-01  7.29202D-01
   1.00000D-03  7.37596D-02  3.77566D-01 -2.48481D-01  3.54828D-01  6.20281D-01  1.01142D+00
   1.00000D-03  2.34374D-01 -3.24394D-01 -2.92450D-01 -7.79346D-03 -4.64313D-01  1.27554D-01
   1.00000D-03 -2.50858D-01  4.17074D-01  6.06790D-01 -4.56238D-01  1.08880D-01 -4.55011D-01
   1.00000D-03  2.43819D-01  1.66237D+00  7.80847D-01  2.79930D-01 -3.13966D-01 -7.77472D-02
   1.00000D-03 -3.18847D-01  4.39622D-01 -1.12190D-01 -2.80449D-01 -6.97695D-01  1.47748D-01
   1.00000D-03  1.94586D+00  2.81335D+00  1.84407D+00  4.95386D-02 -3.39176D-02  2.53198D-01
   1.00000D-03 -8.24653D-01  6.17196D-01  4.48819D-01 -1.66005D-01 -3.38069D-01  3.56459D-01
   1.00000D-03  3.29949D-02 -1.25761D+00  9.22047D-01  4.50555D-01  1.45265D-01  2.89191D-01
   1.00000D-03  2.95651D-01 -5.02662D-01 -8.28386D-01  3.65290D-01 -3.72583D-01  3.08553D-01
   1.00000D-03  9.14266D-01 -2.05409D-01  1.21213D-01 -5.74457D-01  6.45074D-02 -1.73697D-01
   1.00000D-03 -2.92680D-01  3.33082D-01 -1.56526D-01  3.46737D-01 -2.57774D-01  1.38811D-01
   1.00000D-03  1.63095D-01  9.53691D-01 -4.59179D-01  3.94343D-01 -2.96236D-01  4.56034D-01
   1.00000D-03  1.10906D+00 -1.29316D+00 -1.73190D-01 -3.15395D-01  3.84424D-01 -4.62704D-01
   1.00000D-03 -4.19565D-01 -3.70789D-01 -5.08833D-02  2.72763D-01  2.91335D-01 -1.86400D-01
   1.00000D-03 -1.60379D+00 -1.11327D-01  7.47005D-01 -9.41845D-02 -2.01904D-01  8.43762D-02
   1.00000D-03 -3.06823D-01 -4.55746D-01 -7.06585D-01  1.22732D-01  2.11082D-01  4.87509D-01
   1.00000D-03  2.11512D-01  2.13329D-01  3.13797D-01  5.34172D-02  1.00162D+00 -8.96062D-01
   1.00000D-03 -4.16178D-02 -6.47772D-02 -4.68374D-01  1.64252D-01 -5.85857D-01 -4.06276D-01
   1.00000D-03 -1.58876D-01  9.70879D-02 -4.47257D-01 -1.28797D-01 -6.25859D-01 -9.54027D-02
   1.00000D-03 -1.31321D-01  2.24646D-01  6.55541D-02  2.35221D-01 -4.03769D-01 -2.01967D-01
   1.00000D-03  1.11103D+00  9.30712D-01 -6.05307D-01 -1.94665D-01  5.72089D-01  1.61975D-02
   1.00000D-03  4.00181D-01  2.06636D-01  5.04702D-01 -5.94919D-01  1.30131D-01 -5.03854D-01
   1.00000D-03 -8.85059D-01 -6.50068D-01  2.75297D-01  9.41570D-02 -3.84459D-01 -1.41347D-01
   1.00000D-03 -2.75398D-01  4.10548D-01  6.80705D-02  1.19078D-02 -2.95283D-01 -4.59979D-01
   1.00000D-03 -2.78733D+00  1.19744D+00 -3.13154D+00  5.60004D-02 -2.42495D-01 -3.24070D-01
   1.00000D-03  2.55951D-01  3.42336D-01  3.20333D-01  4.00691D-01  1.58798D-01 -2.88146D-01
   1.00000D-03 -7.03462D-01  4.32819D-02 -8.91142D-01 -1.83582D-01  3.32546D-01 -3.28210D-01
   1.00000D-03 -1.05839D+00  9.94654D-01  3.95031D-01 -3.52802D-01  5.25201D-01  9.37233D-02
   1.00000D-03 -4.86091D-01  1.45633D-02 -4.02401D-02  5.11010D-02 -1.12240D+00  2.92504D-01
   1.00000D-03 -9.33356D-01  6.96504D-01 -6.37611D-01  1.68485D-01  6.14394D-02  1.06175D-01
   1.00000D-03 -5.24583D-02 -4.49747D-01  5.76933D-01 -1.89417D-01  5.28789D-01  1.64645D-01
   1.00000D-03  3.49428D-01  2.70536D-01 -1.44203D+00  9.84428D-02  3.09688D-01 -1.48020D-01
   1.00000D-03 -6.65234D-01 -9.42544D-01  1.46469D+00 -1.07015D-02 -5.09879D-02 -4.94870D-02
   1.00000D-03  1.54463D+00  6.78146D-01  1.65024D+00  2.11801D-01 -2.28169D-01 -4.86294D-01
   1.00000D-03  1.87280D-01 -2.75731D-02 -1.52464D-01 -1.07757D-01  9.72492D-01  1.83414D-01
   1.00000D-03 -3.39070D-01 -4.30941D-01  7.32249D-01 -2.56567D-01  3.34945D-01 -1.01200D-01
   1.00000D-03  8.57766D-01  1.12723D+00 -5.44076D-01 -2.84313D-02 -7.28057D-01  6.95126D-02
   1.00000D-03 -2.07422D-01 -5.96144D-01  1.23897D+00  3.94285D-01 -2.18643D-01 -4.40408D-01
   1.00000D-03  3.45116D-02  4.24608D-02  1.37321D-01 -1.05174D+00  6.60939D-02  2.10591D-01
   1.00000D-03  8.00184D-02  1.86321D-02  2.94388D-01  7.42892D-01  1.07310D+00  1.82499D-01
   1.00000D-03  1.50448D-02  1.10169D+00  5.95134D-02  2.78526D-01  1.94303D-01 -7.86404D-01
   1.00000D-03 -7.98674D-02  2.69231D-01  3.58517D-01  2.62667D-01 -8.81433D-01  3.12276D-01
   1.00000D-03  8.43907D-02  1.95145D-01  8.78665D-01  5.54203D-01 -5.72376D-02 -5.03908D-01
   1.00000D-03 -3.14959D-01 -4.71976D-01 -2.04324D-01 -1.65115D-01 -7.13671D-01 -2.40601D-01
   1.00000D-03  3.51873D-01  1.69159D-01 -3.21087D-01  1.88914D-01 -2.80394D-01 -8.56001D-02
   1.00000D-03  2.11029D-01 -3.08881D-01  2.18047D-01 -1.26171D-01  1.64195D-01 -1.20048D-01
   1.00000D-03 -1.65062D-01 -5.10499D-01 -4.37664D-01  2.12370D-01 -1.51131D-01  6.93778D-01
   1.00000D-03 -5.72534D-01 -2.39512D-01 -9.98828D-01  4.61533D-01  9.36792D-02  7.51766D-01
   1.00000D-03 -7.28464D-01  1.24550D+00  1.32031D+00  3.28185D-01 -7.30645D-04 -5.82899D-01
   1.00000D-03 -2.35849D-01 -8.30237D-01 -2.13573D-01 -3.82493D-01  1.90151D-02 -7.75645D-01
   1.00000D-03  4.31192D-01 -3.91901D-01  2.76805D-01 -9.42931D-02 -2.96641D-01  3.47457D-01
   1.00000D-03 -3.17386D-01 -3.69106D-01  8.23794D-01  3.25701D-01  3.96946D-01  6.15215D-01
   1.00000D-03  2.83792D-01 -1.95322D-01 -5.45198D-01  4.34104D-01  2.47879D-01  3.44505D-01
   1.00000D-03 -2.44290D-01  4.32055D-02  3.31480D-01 -4.10952D-01 -2.78389D-01 -7.02720D-01
   1.00000D-03 -2.94644D-01  1.98998D-01  5.24567D-01  3.69289D-01  1.32107D-01  1.53528D-01
   1.00000D-03 -8.88966D-02 -3.53506D-01  5.60151D-02  2.48305D-01  4.28240D-01  8.26380D-01
   1.00000D-03 -1.92301D-01  9.62871D-02 -8.29326D-02  4.41097D-02  7.56252D-01 -7.01761D-01
   1.00000D-03 -2.89086D-01  1.11482D-02  1.81140D-01 -5.79712D-01  3.83249D-01  2.50785D-01
   1.00000D-03  1.20825D+00  3.28883D-01  4.03305D-01  7.44234D-02  3.46341D-01 -1.40004D-02
   1.00000D-03 -1.27396D+00 -1.04635D+00 -6.62159D-01  3.77596D-01 -2.85114D-01  2.97151D-01
   1.00000D-03  3.30758D-01  3.59741D-01 -3.50019D-01  4.81113D-01 -1.04281D-01 -6.40826D-01
   1.00000D-03 -4.92156D-02 -2.09212D-01  2.58857D-01 -5.74969D-02  5.49193D-01 -6.64594D-01
   1.00000D-03  9.16328D-03 -1.41902D-01 -4.83399D-01  2.94915D-01  2.79122D-01  1.08525D-01
   1.00000D-03 -1.67133D-01  4.52189D-01  2.58432D-01  2.64393D-01  2.59533D-01 -6.31464D-01
   1.00000D-03  1.95347D-02  7.38277D-02 -3.06037D-01 -6.70811D-01  1.49221D-02  1.55353D-01
   1.00000D-03 -7.70852D-01 -7.08278D-01 -3.21439D-01  1.93483D-01  4.32305D-01 -7.52884D-02
   1.00000D-03 -1.35405D+00  1.59254D-02  8.56926D-01 -4.87956D-01 -9.65632D-02  1.13469D-01
   1.00000D-03 -3.22631D-01 -1.58197D-01 -1.95089D-01  4.91761D-01 -4.58069D-01  2.72837D-01
   1.00000D-03 -1.83492D-01 -3.96471D-01 -3.33622D-01 -1.09110D+00 -2.55953D-01  1.99876D-01
   1.00000D-03 -1.05192D+00  8.61479D-01 -6.15404D-01 -2.67740D-02  5.11500D-02  5.16625D-01
   1.00000D-03  1.22561D-01  1.43119D+00 -1.12986D-01  1.44765D-01 -1.49028D-01  9.59535D-02
   1.00000D-03 -1.89235D-01 -4.08447D-01  1.91222D-01 -4.02386D-02 -4.85820D-01 -2.86023D-01
   1.00000D-03  5.49002D-01 -1.20226D+00 -1.36543D-01 -1.29812D-01  2.25989D-01 -8.47018D-02
   1.00000D-03  6.44543D-01 -2.41624D-01  7.05529D-01 -3.06008D-02  2.65061D-01 -2.61190D-01
   1.00000D-03  3.20858D-01 -1.30613D-01  4.14786D-01  6.21481D-01 -1.23782D-01  8.81875D-01
   1.00000D-03  1.39361D-01  1.89503D-01 -8.42330D-01 -8.13148D-02  4.18351D-01  2.27930D-01
   1.00000D-03  1.57101D+00  5.74307D-01 -8.71317D-01 -7.62582D-02 -1.67125D-01 -1.50620D-01
   1.00000D-03 -2.70987D-01  1.14143D-01 -6.39656D-01 -5.97611D-01  4.64704D-01 -3.17301D-01
   1.00000D-03  1.05970D-02 -3.35668D-01 -3.81569D-01  2.58142D-01 -6.53468D-01  1.06267D-01
   1.00000D-03 -1.32829D+00 -1.31516D+00  1.64625D+00 -4.28232D-01  1.33460D-01 -3.67923D-01
   1.00000D-03  6.07685D-01  4.59798D-01  2.33628D-01  8.14129D-01  2.69801D-02  1.35694D-01
   1.00000D-03 -2.27192D-01  4.48267D-02  4.27157D-01 -3.39980D-01 -6.10163D-01 -5.88476D-01
   1.00000D-03  7.28610D-01 -1.95320D+00  3.71427D-01  2.56407D-01 -4.14493D-01 -7.16491D-03
   1.00000D-03 -2.88691D-01 -1.52120D-01  2.00590D-01  3.19876D-01  3.70209D-01 -2.20934D-01
   1.00000D-03  2.40916D-01  2.36573D-01 -1.07410D-01  6.13450D-01 -6.28082D-01 -3.74504D-01
   1.00000D-03 -1.56490D-01 -5.68759D-01  2.11601D-01  6.16493D-01  2.69746D-01 -1.03741D-01
   1.00000D-03  2.61385D-01  9.20325D-02  4.87217D-01 -3.57914D-01 -6.64623D-01 -2.04750D-02
   1.00000D-03 -3.12299D-01  3.24501D-01  1.02005D-01  2.78431D-01  1.04449D+00  6.89636D-02
   1.00000D-03  4.14755D-02  3.99866D-02 -8.48054D-02 -5.41975D-01  9.75510D-01  1.48830D-01
   1.00000D-03 -4.16300D-01  2.74986D-01  7.86290D-01  3.77198D-01  2.92372D-01  5.53281D-02
   1.00000D-03  3.49400D-01 -2.70882D-01  2.25437D-01 -8.08885D-01 -1.28652D-01  3.50523D-01
   1.00000D-03 -2.70274D-01  1.40753D-01 -1.13371D-01  3.98425D-01  6.16029D-02  2.75040D-01
   1.00000D-03 -3.37154D-01 -3.01403D-01 -4.72174D-01  1.96128D-01  3.90128D-01 -6.34251D-01
   1.00000D-03  2.53060D+00 -4.86616D-01 -4.19984D-01 -6.64975D-02  4.62793D-01  2.05225D-02
   1.00000D-03 -4.01631D-01  3.56160D-01 -5.07459D-01  6.42415D-01  3.44283D-01 -7.25398D-02
   1.00000D-03 -2.13963D-01  1.61857D-01  3.26396D-01  5.99731D-01  2.02414D-01 -4.59106D-01
   1.00000D-03 -3.85729D-01  2.07766D-01  2.94857D-01 -5.46897D-01  6.96925D-01 -5.75497D-01
   1.00000D-03 -9.05825D-01  1.93688D+00  6.54435D-02  2.06934D-01  4.40730D-01 -4.91038D-01
   1.00000D-03 -2.79629D-01 -9.65254D-02 -3.34566D-02 -4.72433D-02  2.38778D-02 -3.69791D-01
   1.00000D-03 -2.71300D+00  1.44011D+00 -1.91438D+00 -1.26572D-02  4.35903D-01  8.19359D-02
   1.00000D-03 -4.32722D-01  6.08976D-01  2.53808D-01 -6.74957D-01 -3.54267D-01  6.58890D-01
   1.00000D-03 -5.36826D-01 -2.15291D-01 -2.15007D-01 -1.61161D-01 -1.83865D-01 -1.31693D-01
   1.00000D-03  1.37240D-02 -1.01918D-01  4.25254D-02  6.24493D-02 -9.53344D-03 -1.54358D-01
   1.00000D-03 -3.98446D-01 -2.10011D-01  1.14955D-01 -6.65294D-01  1.07998D+00 -5.19628D-01
   1.00000D-03 -4.68767D-01  1.00016D+00 -1.59782D+00  4.41253D-01  2.85149D-01  1.06289D-01
   1.00000D-03 -3.50627D-01 -2.70324D-01  1.04893D-01 -7.44132D-01  3.77273D-01  7.56230D-01
   1.00000D-03 -9.35472D-01  5.47325D-01  2.00429D-02 -3.80920D-01  2.33069D-01 -3.08549D-01
   1.00000D-03  6.67814D-01  2.51054D-01 -1.29925D-01 -2.43746D-01  1.27052D-01 -2.14257D-01
   1.00000D-03  6.23181D-02 -1.52092D+00 -1.23343D+00 -2.82230D-01 -5.10478D-01  2.31549D-01
   1.00000D-03 -2.49225D-01 -3.23379D-01 -1.98910D-01 -3.80196D-01 -6.84285D-01 -3.88249D-01
   1.00000D-03 -8.89665D-01 -1.61588D+00  9.51119D-01 -2.14104D-01 -2.72653D-01  4.76419D-01
   1.00000D-03  1.60577D-01 -1.57864D-01 -5.97130D-01  2.97249D-01  1.98923D-01  4.27536D-01
   1.00000D-03 -3.88560D-01  6.13926D-01  1.57259D-01  3.29692D-01 -1.38625D-01 -7.89359D-02
   1.00000D-03  1.21349D-01  2.70520D-01 -1.59902D-01 -5.18918D-01  5.00547D-01  9.58266D-01
   1.00000D-03  7.46387D-02  7.65778D-01 -7.07299D-01  4.22285D-02 -4.82299D-01 -6.68364D-01
   1.00000D-03 -1.06528D-01 -2.14038D-01 -5.73268D-01 -3.99401D-01  4.30691D-01 -4.31223D-01
   1.00000D-03 -6.51143D-01 -3.69692D-01 -1.62377D+00 -5.47044D-02  2.36451D-01 -3.35734D-01
   1.00000D-03 -7.01062D-01  4.40630D-01 -4.01007D-01  6.55947D-01  7.44253D-02  2.15666D-01
   1.00000D-03  2.66355D-02  3.72505D-02 -3.40463D-02  4.12889D-02  3.59878D-01  8.29203D-01
   1.00000D-03  6.50802D-01 -3.16390D-01 -6.64973D-01 -6.34940D-01  2.47875D-01  4.50674D-02
   1.00000D-03  2.90289D-01  5.78776D-01 -7.67340D-01 -3.95911D-03  6.84949D-01 -6.30189D-02
   1.00000D-03  4.85191D-01  7.62722D-01  7.53425D-02  4.70928D-01  3.11692D-01 -3.54074D-01
   1.00000D-03  3.08745D-01 -4.55029D-02  1.19659D-01 -1.94701D-01  5.59289D-01  3.92341D-01
   1.00000D-03 -3.79076D-01  9.88097D-02  3.21340D-02  2.24126D-01 -2.92764D-01  5.34239D-01
   1.00000D-03 -1.81464D-01 -8.42337D-01  1.79309D-01  4.66941D-02  6.73867D-01  8.45369D-01
   1.00000D-03 -1.21336D-01 -3.62069D-01 -1.27122D-01 -4.82006D-01 -4.85434D-01  1.90605D-01
   1.00000D-03  7.44312D-01 -1.88843D+00 -3.36445D+00  4.00466D-01 -2.48918D-01 -2.75431D-01
   1.00000D-03 -5.34342D-01  3.04943D-01 -3.25961D-01 -4.48352D-01  3.40568D-01 -9.64418D-02
   1.00000D-03 -1.26183D-01  6.75035D-01 -7.97666D-01 -7.40769D-01 -3.53464D-01  1.45291D-02
   1.00000D-03 -3.37965D-01 -1.17612D-01  6.25314D-02 -3.10139D-01 -2.59684D-01  2.98215D-01
   1.00000D-03  9.28221D-03 -1.57752D-01  4.75230D-01  8.57976D-02 -6.92671D-01  3.07980D-01
   1.00000D-03  6.32197D-01  1.36474D-01 -2.46577D-01  8.64639D-01 -3.34145D-02 -2.72531D-01
   1.00000D-03 -1.42152D+00 -1.84052D-01 -1.88076D+00 -1.30207D-01  6.63847D-02  3.02343D-01
   1.00000D-03  9.32597D-01 -8.37931D-01  5.09395D-01  2.06781D-01 -3.78743D-01 -8.17903D-01
   1.00000D-03  5.25153D-02 -3.67478D-01 -2.52707D-01  9.86146D-01  8.83352D-02  7.46326D-02
   1.00000D-03  1.65375D-01 -2.40401D-01  3.79514D-01 -2.04734D-02 -4.24805D-01 -3.37072D-01
   1.00000D-03  6.54318D-01  3.12188D-01 -7.74898D-02 -1.70276D-01  8.70925D-01 -1.29850D-01
   1.00000D-03 -4.05098D-01 -3.29937D-01 -4.73050D-01 -6.49038D-01 -3.58856D-01 -5.15866D-01
   1.00000D-03 -6.49819D-01 -3.19929D-01 -3.26902D-01 -3.10064D-01 -8.24679D-01 -1.03604D-01
   1.00000D-03  5.37301D-01 -7.85528D-01 -2.84390D-01 -4.20054D-01 -1.04723D-02 -2.46832D-01
   1.00000D-03 -1.45964D+00 -2.57273D+00  1.37105D+00 -2.06443D-02 -2.00270D-01 -1.70214D-02
   1.00000D-03 -1.80737D-01 -3.55215D-01  4.83289D-01  5.31983D-01 -8.14259D-01  2.06017D-01
   1.00000D-03 -7.18672D-01  1.23956D+00  3.58957D-01 -2.19030D-01  1.17283D-01  6.98842D-02
   1.00000D-03 -2.32696D-01 -1.06217D+00  4.26628D-01 -8.03674D-02 -1.56583D-01 -5.86282D-02
   1.00000D-03  8.31744D-01 -5.42420D-02 -3.50022D-01  2.21422D-01  1.58641D-01  3.55889D-01
   1.00000D-03  3.12863D-01 -1.44425D+00 -5.16066D-01 -2.68448D-01 -7.41318D-02 -1.13049D-01
   1.00000D-03  2.67435D-01 -2.80864D-01  2.02011D-01 -8.00522D-01 -6.31476D-01  5.26299D-01
   1.00000D-03 -1.91917D-01 -3.41658D-02  7.55049D-01 -1.37596D-01 -2.08189D-01 -1.38545D-01
   1.00000D-03 -2.70842D+00  2.60654D+00  1.30206D+00  7.97019D-02 -2.67550D-01  1.02008D-01
   1.00000D-03  3.97180D-01 -9.06075D-01  7.91408D-02  2.10294D-01  5.20535D-01 -8.84680D-02
   1.00000D-03  7.97998D-01 -2.10861D+00 -8.80789D-01 -1.43542D-01 -6.28556D-02 -2.94079D-01
   1.00000D-03  6.41852D-02  2.85783D-02 -3.27810D-01 -2.57731D-01 -9.66879D-01 -1.98654D-01
   1.00000D-03  8.40129D-01  6.29227D-02 -3.27407D-02  2.67923D-01  1.98207D-01  3.59578D-01
   1.00000D-03 -9.21603D-02 -1.17352D-02  2.11223D-02  1.13010D+00  3.87396D-01  2.34741D-01
   1.00000D-03  3.33647D-01 -4.91668D-01  5.16794D-01 -5.80508D-01 -6.15242D-01  3.95311D-01
   1.00000D-03  5.13260D-01 -5.37643D-01  3.86282D-01  5.56781D-01 -2.14669D-02 -2.75674D-01
   1.00000D-03  3.11384D-01  2.91396D-01  1.07545D+00 -8.93316D-02  4.08297D-01 -4.05154D-01
   1.00000D-03 -9.75197D-01  1.38143D+00 -9.65213D-01  1.51481D-01 -4.39551D-02 -2.83537D-01
   1.00000D-03  2.77891D-01  3.36537D-01  2.36232D-03 -8.97870D-01  2.87945D-01 -3.13410D-01
   1.00000D-03  2.34911D-01  1.74011D-01 -2.06183D-01  3.20209D-01 -4.30158D-01  1.81789D-01
   1.00000D-03  1.60146D-01  2.21986D-01 -3.91147D-02  3.95013D-01 -3.24183D-01 -3.78593D-02
   1.00000D-03 -9.62979D-01  5.37903D-01 -2.63376D-01 -2.06596D-01  6.98344D-01  2.24941D-01
   1.00000D-03  1.24408D-01 -1.51481D-01  4.51543D-01  4.01347D-01  5.86656D-01  1.54523D-02
   1.00000D-03  5.20354D-01 -5.65531D-01 -5.71677D-01 -6.30188D-02  8.92539D-02 -2.58753D-01
   1.00000D-03  4.05002D-02 -6.09951D-01  1.30214D+00  2.05003D-01  3.57658D-01  1.27220D-01
   1.00000D-03 -1.25387D-02 -5.73856D-01  7.53834D-02 -4.31115D-01  1.48721D-01  6.83095D-01
   1.00000D-03  3.19160D-02 -7.39186D-02 -1.96816D-02  4.96897D-01  2.44698D-01 -1.30998D-01
   1.00000D-03 -4.52116D-01  1.17692D+00 -4.51061D-01  2.25993D-01 -2.16576D-01 -5.29860D-02
   1.00000D-03  6.60816D-01 -3.90283D-01 -5.95420D-01  8.28193D-01  1.29686D-01  6.59854D-01
   1.00000D-03 -4.32081D-01 -1.31721D-01 -4.03255D-01 -5.52023D-01  2.52546D-01 -4.50049D-01
   1.00000D-03 -1.31981D+00  2.91603D-01  2.92200D-02  4.05879D-02 -9.82467D-02  5.94672D-01
   1.00000D-03  7.47048D-01 -4.67839D-01 -4.35765D-01  4.31807D-01  5.58564D-02  4.96837D-03
   1.00000D-03 -4.81568D-01 -3.84887D-02 -1.09064D-02  6.53272D-01  5.41761D-01  9.49746D-01
   1.00000D-03 -7.98061D-02 -1.84094D-02  9.20153D-01  3.19425D-01  4.92535D-01  4.47965D-01
   1.00000D-03  4.56887D-01  5.91915D-01 -1.37619D+00 -1.90775D-01 -3.75624D-02  7.19015D-02
   1.00000D-03  2.76936D-01  7.75277D-02 -7.57377D-02  1.24903D-01  5.96860D-02 -1.11355D-01
   1.00000D-03 -1.78288D-01 -3.54899D-01 -9.63404D-02  2.12943D-01 -5.41956D-01 -2.72098D-01
   1.00000D-03 -1.10886D-01  4.37837D-01  1.95232D-01  1.28954D-01 -2.67402D-01  5.17901D-01
   1.00000D-03 -1.83991D-01  1.71783D-01  1.85712D-01 -1.30329D+00  7.96428D-02  1.64694D-01
   1.00000D-03 -1.69080D+00  7.94646D-01  7.01659D-01  1.36238D-01 -2.69253D-01  3.64079D-02
   1.00000D-03 -9.91322D-02 -2.17358D-01 -6.18292D-01  1.64243D-01  8.12781D-01 -1.18816D-01
   1.00000D-03 -5.36592D-01 -8.28005D-02  8.88655D-01  5.11309D-01 -1.46277D-01  4.66041D-02
   1.00000D-03 -2.22049D-01  3.41303D-02 -4.17454D-01  7.35170D-01  1.76766D-02  5.33732D-01
   1.00000D-03 -5.09834D-01  2.28881D-01  1.14231D-01  3.14218D-01  1.69384D-01  9.30311D-01
   1.00000D-03  2.51532D-01  6.54272D-01 -8.95435D-01  3.05567D-01  1.17015D-01 -2.08909D-04
   1.00000D-03 -4.20797D-01  2.82290D-01  2.82928D-01 -3.95363D-01  5.89106D-02  6.71530D-01
   1.00000D-03 -5.02156D-01  3.86068D-01  1.10688D+00 -3.28347D-01 -4.57167D-01  3.94019D-02
   1.00000D-03  4.75086D-01  6.06282D-02 -4.27306D-01  3.89783D-01  1.47529D-01 -3.62115D-01
   1.00000D-03  6.74632D-01  1.95657D-01  1.00605D+00 -1.05457D-01 -1.81796D-01  5.66847D-02
   1.00000D-03 -2.06291D-01  5.86051D-04  2.39100D-01 -3.12688D-02 -5.38863D-01  1.48535D-02
   1.00000D-03 -1.17302D-01  3.73617D-01  8.15164D-01 -1.40634D-01  1.06735D-01 -5.06261D-01
   1.00000D-03  3.60104D-01  8.16437D-01 -4.00123D-01  9.86258D-02  5.91289D-01 -5.86760D-01
   1.00000D-03  8.36009D-02  1.83535D-01 -5.82548D-01 -3.30926D-01 -5.21154D-01 -3.94582D-01
   1.00000D-03  4.23569D-01 -2.48101D-01  6.45353D-01  2.66677D-01 -1.77350D-01  9.02352D-01
   1.00000D-03 -3.97634D-01  8.02355D-01  5.07767D-01  1.11928D-01  4.54759D-01  3.61664D-02
   1.00000D-03 -6.87081D-01  8.22622D-01  6.67244D-01  2.32787D-01 -1.57834D-02  2.70985D-01
   1.00000D-03  5.90727D-02 -2.50095D-01  2.65517D-01 -3.58540D-01 -1.24888D+00 -1.43940D-01
   1.00000D-03  1.94094D+00 -9.87940D-01 -2.34466D-01 -5.12286D-02  6.24517D-01  1.62278D-01
   1.00000D-03  2.05005D-01 -3.89656D-01  3.56054D-01 -2.16592D-01 -1.58211D-02  3.95907D-02
   1.00000D-03  7.48564D-01 -3.47193D-02 -5.27229D-01  1.60791D-01 -4.57232D-01 -6.68891D-02
   1.00000D-03 -4.81936D-01 -5.01172D-01 -9.28217D-01 -3.62154D-01  3.90209D-01  6.37079D-01
   1.00000D-03 -9.11952D-02  2.62577D-01  9.69753D-02  4.02138D-02  3.00470D-01  8.60304D-01
   1.00000D-03  5.38942D-01  6.48861D-01  3.03212D-02  6.38099D-01  1.98905D-01 -2.08895D-01
   1.00000D-03 -2.34369D-01  2.88887D-01  4.57846D-02 -4.30758D-01 -1.01786D-01 -3.97017D-01
   1.00000D-03 -8.54054D-01  8.03685D-01 -1.82712D+00 -2.83107D-01 -3.10595D-01 -2.43374D-01
   1.00000D-03  8.52072D-02 -2.86231D-01  6.58854D-01  1.30644D-01  4.09329D-01  3.28684D-01
   1.00000D-03 -2.14907D-01  2.12914D+00 -1.02552D+00 -3.87964D-01  2.24338D-01 -1.69661D-01
   1.00000D-03  8.43429D-01 -1.19160D-01  5.29124D-01 -1.64454D-01  2.63339D-01 -1.92712D-02
   1.00000D-03  6.32893D-01  2.28100D+00  1.24155D+00  4.51053D-02  3.82290D-01  1.28749D-01
   1.00000D-03 -1.86032D-01 -1.05296D-03  7.34270D-01  1.01574D+00 -1.17847D-01 -1.35017D-01
   1.00000D-03 -2.58551D-01  5.84986D-01  1.09092D-01 -1.58118D-01  1.37817D-02 -5.52953D-01
   1.00000D-03  3.77278D-01 -9.03554D-01 -2.66501D-01 -3.85870D-01  1.76459D-02  2.38714D-01
   1.00000D-03 -2.55443D-01 -3.75097D-01  3.12640D-01 -7.51442D-01 -8.35680D-02  1.08119D-01
   1.00000D-03  9.20829D-02 -2.54977D-01  4.17929D-01  5.39722D-01  2.64254D-01 -5.42868D-01
   1.00000D-03 -1.50424D-01  6.76608D-01  1.06654D-02  3.64925D-01 -5.54523D-01  6.96653D-01
   1.00000D-03 -1.90166D-01 -4.27711D-01  2.01579D-01  5.14387D-02  1.75451D-01 -4.06175D-01
   1.00000D-03 -2.66851D-01  1.71901D-01 -3.37321D-01  6.17111D-01  5.48208D-02  1.44422D-01
   1.00000D-03  2.23633D-01 -1.41838D-01 -1.42271D-01  3.29591D-01  4.12620D-01  3.36765D-01
   1.00000D-03 -1.38148D-01  3.13848D-01  8.20646D-01  3.86930D-01  4.17841D-01  7.71170D-03
   1.00000D-03 -3.85536D-01  1.10008D-01  1.81684D-03  5.35883D-02 -3.38828D-01  4.77949D-01
   1.00000D-03  2.65427D-01 -2.01547D-01 -2.45219D-01 -5.86815D-01 -7.73359D-01 -2.26633D-01
   1.00000D-03  1.03861D+00 -2.17086D-01  5.93487D-02 -2.24737D-02 -2.94817D-01  1.06789D-01
   1.00000D-03  9.67829D-01 -1.18472D-01 -1.86735D-01 -3.76203D-01  4.80317D-01 -2.38911D-01
   1.00000D-03  4.82850D-01 -7.01544D-01 -2.62412D-01 -2.81828D-02  2.12355D-01  4.07123D-02
   1.00000D-03 -6.66651D-01  2.40893D-01  5.89117D-01  5.25305D-01 -2.30127D-01 -4.83260D-01
   1.00000D-03 -3.80899D-01 -8.34020D-01 -2.07563D-01  5.71575D-01  5.36913D-01  1.64614D-01
   1.00000D-03  9.37178D-02  2.14411D-01  6.62088D-01  8.30537D-01 -1.60249D-02 -4.67715D-01
   1.00000D-03 -1.96751D-01 -1.82370D-01  3.93848D-01 -9.98709D-01  7.64965D-01  3.38672D-01
   1.00000D-03 -5.30087D-01 -2.74564D-01  2.67688D-01  6.20781D-01 -4.19127D-02  6.07696D-01
   1.00000D-03 -1.37438D-01  1.92205D-02  4.58007D-01  2.91389D-01 -5.78203D-02 -3.50671D-02
   1.00000D-03  1.59557D-01 -8.15520D-02  2.50713D-02  1.87858D-01 -7.45261D-01  2.80154D-02
   1.00000D-03 -8.94489D-01 -9.53602D-01  6.36796D-01  7.02533D-02  3.73850D-01 -6.34479D-01
   1.00000D-03 -1.09805D+00 -1.12933D+00 -1.43685D-01 -3.79378D-01  7.78293D-02 -4.44208D-02
   1.00000D-03  6.09080D-02  3.71015D-02 -1.60957D-01  3.54480D-01 -3.88940D-01  2.92582D-01
   1.00000D-03  4.97598D-01 -7.81889D-02  6.55422D-02  6.72714D-01  1.47373D-01  2.66557D-01
   1.00000D-03 -2.01604D-01  3.50084D-01 -4.25108D-01  8.97885D-01  4.27949D-01 -3.56980D-01
   1.00000D-03  2.20355D-01  1.92063D-01  1.23186D-01  1.75413D-01 -2.05057D-01 -1.99486D-01
   1.00000D-03 -1.07762D-01 -2.19010D-01 -1.09081D+00  5.34089D-01  1.94592D-01  9.54336D-02
   1.00000D-03 -2.52572D+00 -2.02932D-01 -3.76289D+00 -1.23686D-01 -3.22224D-01 -3.38186D-01
   1.00000D-03  7.45529D-01 -6.53089D-01 -2.98654D-01  1.65222D-01  2.31294D-01  2.75501D-01
   1.00000D-03 -1.09221D+00 -2.06328D+00 -5.97675D-01  4.44509D-01  1.96782D-01 -3.37014D-01
   1.00000D-03  1.04888D+00  3.27545D-01  3.18131D-01 -3.26538D-01 -3.39019D-01  7.55299D-01
   1.00000D-03 -3.40874D-01 -5.64613D-01  1.41343D-01 -3.02004D-01 -2.68266D-01 -6.82440D-01
   1.00000D-03 -6.81305D-01  6.99469D-01  4.59401D-01  3.92056D-01  4.40902D-01 -2.94355D-01
   1.00000D-03  3.27972D-01 -2.70666D-01 -1.97108D+00  1.25601D-01 -1.41333D-01 -1.72451D-01
   1.00000D-03  1.29434D-02  2.12036D-02  8.21254D-01 -7.39852D-01  3.22913D-01  7.44880D-02
   1.00000D-03 -1.23479D+00 -2.75806D-01  1.69307D-01  1.10068D-01  1.06659D-01 -2.93476D-01
   1.00000D-03  1.34173D-01 -9.00873D-01 -4.90032D+00 -1.73251D-01 -1.25789D-01 -1.21195D-02
   1.00000D-03  1.67354D+00  1.68484D-01 -2.66988D+00  3.93956D-02 -2.25180D-01 -4.45623D-01
   1.00000D-03 -5.38993D-01 -2.70259D-01 -8.67206D-02  8.11912D-02 -1.23046D-01  9.17099D-01
   1.00000D-03  1.92166D-01 -6.47019D-01  4.76130D-01  3.82783D-01  2.96443D-01 -5.73677D-01
   1.00000D-03 -5.89624D-01 -3.23790D-02  2.10845D+00 -2.51284D-01 -6.63101D-01 -5.31179D-02
   1.00000D-03 -4.14753D-01 -7.29758D-01  2.20959D-01  4.87187D-02  5.82574D-01  3.11622D-03
   1.00000D-03  8.95373D-01 -1.85766D-01 -2.59380D-02 -1.97055D-01 -2.06596D-01  3.23314D-01
   1.00000D-03  2.52544D-01  5.00014D-01 -3.41934D-01 -4.22140D-01  1.81222D-01 -7.67380D-01
   1.00000D-03  4.55230D-02 -8.24923D-02  4.41990D-01 -1.24610D-01 -2.16011D-01 -9.92133D-02
   1.00000D-03  2.51824D-02  6.09203D-01  6.53692D-01 -6.59182D-01 -3.95539D-01 -2.44345D-01
   1.00000D-03  4.93581D-01 -3.71507D-01 -3.30943D-01  3.65131D-01 -1.31953D-01  2.97034D-01
   1.00000D-03  2.12994D-01 -5.49859D-01  5.05061D-01  6.42783D-01 -9.92816D-02  3.71996D-01
   1.00000D-03 -5.07975D-01 -7.29988D-02  6.20258D-02 -2.53422D-01 -2.22497D-01  2.22192D-01
   1.00000D-03  5.57325D-02 -1.06417D+00 -6.69389D-03  4.88679D-01 -4.82822D-01  1.17164D-02
   1.00000D-03  2.05845D-01  2.25449D-01  1.90541D-01  5.50560D-01 -2.85531D-01 -1.21934D+00
   1.00000D-03 -2.33077D-01 -8.96200D-02  4.53274D-01  2.34068D-01 -7.50050D-01  2.49211D-01
   1.00000D-03  6.95285D-01 -1.57167D-01 -1.73694D+00  6.13267D-02 -2.97441D-01 -1.94763D-02
   1.00000D-03  2.61171D-01  1.51977D-01  5.76772D-01 -2.37680D-02 -5.90996D-01  3.96730D-01
   1.00000D-03  2.84450D-01  7.75282D-01 -1.32709D-01  5.92225D-01 -1.44988D-01  1.58394D-01
   1.00000D-03 -2.48635D-01 -4.86774D-02 -6.89001D-01  2.42550D-01  1.50257D-01 -3.14401D-02
   1.00000D-03 -6.13923D-01  7.87002D-02 -6.89606D-02  2.85686D-02  2.59644D-01 -1.92704D-01
   1.00000D-03 -6.35696D-01  1.65128D-02 -3.44894D-01 -8.55785D-02 -7.60152D-01 -2.09380D-01
   1.00000D-03  5.61466D-01 -1.96749D-01  2.19382D-01 -6.29242D-01  1.40655D-01  4.16685D-01
   1.00000D-03 -3.65174D-01 -7.41160D-01 -5.34280D-01 -9.23201D-02 -3.44896D-01 -2.80436D-01
   1.00000D-03 -5.45345D-02 -3.13075D-01  1.53826D-01 -1.91933D-01  1.75802D-01  3.32861D-01
   1.00000D-03 -1.16482D+00 -1.26552D-01  2.10051D-01 -6.32202D-01  3.09290D-01 -4.06464D-01
   1.00000D-03  4.88254D-01 -3.78937D-02 -4.36427D-01 -3.28653D-01  2.61637D-01  2.70536D-01
   1.00000D-03  1.97978D+00 -1.72875D+00 -5.47464D+00  1.84254D-01 -4.43027D-01  1.26876D-01
   1.00000D-03  2.97719D-01  3.94196D-01  2.94538D-01 -1.90392D-01  3.30493D-02  1.84136D-01
   1.00000D-03  1.78009D-01 -1.83468D-01  6.72253D-01 -5.18931D-02  7.73828D-01  9.09560D-03
   1.00000D-03 -5.55173D-01 -1.73445D-01  1.23651D-01  7.70446D-02 -9.69983D-02 -9.37382D-01
   1.00000D-03  1.42331D-01 -3.25253D-01  1.14670D-01  4.00800D-01  1.00278D+00  1.04774D-01
   1.00000D-03  8.91625D-01 -5.21409D-01  1.05530D-01 -2.11012D-01  4.93818D-01  3.94789D-03
