1 1000000.0 1.e6 0 0 
100 5 10 0 50 1
0.03 0.04 0.5 0.1 0.1 1.0 2.0E-05 1.1 0.7
1 0 0 0 1 0 0 1 0 2
0 0 0 0 0 1 0 0 0 0
1 0 1 0 0 0 0 0 0 0
0 0 0 2 1 0 1 1 0 1
0 0 0 0 0 0 0 0 0 0
1.0E-04 0.01 0.1 1.0 1.0E-06 0.01
2.3 5.0 1.0 0
0.5 0.0 0.0 0.0
00 0.005 -1.0 1.0 5.0 5 0
8.005 0.005 0.0 0.0 1.02 0.0
8.005 0.0 0.0 0.0 -0.98 0.0
8.05 0.0 0.0 0.0 0.1 0.0
0.08 0.08 0.12 100.0
20 0 20.0 0.0
8.20 0.0 0.0 0.0 1.0 0.0
8.19 0.005 0.0 0.0 -0.96 0.0
75 0.00035 -1.00 1.0 75 1.0 10.0 0 0
8.195 0.0 0.0 0.0 -0.02 0.0
