  PE       N        Total     Inti.    Intgrt      Reg.      Irr.     Pred.   Init.B.      Mdot      Move   Comm.I.   Comm.R.   Send.I.   Send.R.        KS    Adjust     OUT      Barr.   Barr.I.   Barr.R. Reg.GPU.S Reg.GPU.P Comm.Adj. Mdot.Fic.  Mdot.Fc. Mdot.Pot.  Mdot.EC.   Sort.B.    HighV  KS.Init.B  KS.Int.S  KS.Int.P  KS.Comm.  KS.Barr.   KS.Move   KS.Cmb. KS.Insert  KS.Init.  KS.Term.     Hiar.     KS.UP   KS.TP      xtsub1       xtsub2
 ----
 NGC3201:

 2424126: 4 MPI, 4 GPU, 40 threads (1 GPU/mpi, 10 Threads/mpi)
T=0:    4  110000      4.12913    
T=5
   4  109978    719.94004      6.27    679.44     41.34     55.55     34.87     14.87    270.52     34.20     15.84     28.14     11.05      4.86    174.18     10.07      7.30     12.72      7.13      5.55      9.02     32.26      0.02      0.31      0.04      0.00      0.00      2.52      0.00      8.73    136.36      0.12      0.04      0.01      0.04      0.00      1.58     18.63      7.04      0.19     60.11      6.21  8.59538E+10  1.18433E+11

T=10
   4  109978   1143.28889      6.27   1075.83     80.89    110.77     66.72     27.93    271.03     68.25     31.47     55.83     19.62      9.37    337.76     17.69     14.47     26.34     15.15     11.15     17.39     63.39      0.04      0.40      0.16      0.00      0.00      5.02      0.01     17.39    269.44      0.12      0.04      0.01      0.04      0.00      3.12     29.51     14.71      0.43    118.33     12.41  1.71904E+11  2.34756E+11



 2424145: 1 MPI, 1 GPU, 10 threads (1 GPU/mpi, 10 Threads/mpi)
T=0    1  110000      2.84183     
T=5
   1  109978    778.85642      5.02    743.32    103.06    183.73     33.18     12.91    229.02     29.82      0.00      0.00      8.75      7.83    150.72      9.32      7.16      0.10      0.09      0.00      3.60     99.41      0.00      0.29      0.03      0.00      0.00      2.01      0.00      8.19    116.48      0.37      0.00      0.00      0.02      0.00      1.44     16.84      5.99      0.10     49.98      5.61  0.00000E+00  0.00000E+00

T=10
   1  109978   1301.53560      5.02   1244.17    202.89    366.65     63.90     24.12    229.41     59.52      0.00      0.00     14.95     15.17    290.54     16.32     14.00      0.19      0.18      0.01      6.90    195.88      0.00      0.37      0.12      0.00      0.00      4.01      0.00     16.34    230.94      0.37      0.00      0.00      0.02      0.00      2.86     25.44     11.84      0.38     98.70     11.23  0.00000E+00  0.00000E+00



 2424201: 1 MPI, 1 GPU, 20 threads (1 GPU/mpi, 20 Threads/mpi)
T=0:    1  110000      2.67622   
T=5
   1  109978    850.60348      4.65    815.73    102.41    253.56     33.57     13.54    228.52     28.98      0.00      0.00      6.40      7.86    156.65      9.09      6.84      0.07      0.06      0.01      3.57     98.76      0.00      0.28      0.02      0.00      0.00      2.23      0.00      8.79    121.84      0.37      0.00      0.00      0.02      0.00      1.56     16.99      5.83      0.12     51.18      5.67  0.00000E+00  0.00000E+00

T=10
   1  109977   1454.37065      4.65   1394.47    201.98    506.39     68.24     25.47    229.22     57.72      0.00      0.00     11.40     15.97    304.37     16.05     13.63      0.13      0.12      0.01      7.24    194.58      0.00      0.34      0.08      0.00      0.00      4.45      0.00     17.47    240.22      0.37      0.00      0.00      0.02      0.00      3.08     26.98     12.95      0.48     99.43     11.27  0.00000E+00  0.00000E+00


 2424244: 1 MPI, 4 GPU, 20 threads (4 GPU/mpi, 20 Threads/mpi)

T=0:    1  110000      2.90605  
T=5
   1  109978    824.15327      4.71    788.13     84.33    257.07     34.52     13.07    225.64     29.33      0.00      0.00      6.54      2.74    152.41      8.62      6.44      0.06      0.06      0.00      1.55     82.69      0.00      0.27      0.02      0.00      0.00      2.19      0.00      8.48    116.66      0.36      0.00      0.00      0.02      0.00      1.56     17.67      6.34      0.10     47.43      5.28  0.00000E+00  0.00000E+00
T=10:
   1  109978   1399.62930      4.71   1339.12    165.82    513.38     67.38     24.59    225.98     58.38      0.00      0.00     11.59      5.35    295.22     14.91     12.94      0.13      0.11      0.01      2.97    162.70      0.00      0.33      0.08      0.00      0.00      4.36      0.00     16.80    230.62      0.36      0.00      0.00      0.02      0.00      3.07     28.10     13.73      0.20     93.66     10.56  0.00000E+00  0.00000E+00

 
 jusuf 544: 1 MPI, 1 GPU, 12 threads (1 GPU/mpi, 12 Threads/mpi)  KZ(27)=KZ(28)=1

 T=0:    1  110000      2.42969     
 T=5:
   1  109978    669.53121      3.87    638.73    117.14    165.02      5.03     11.32    161.23     28.86      0.00      0.00     14.06      6.73    136.25     12.28      8.53      0.04      0.04      0.00      3.95    113.13      0.00      0.26      0.04      0.00      0.00      3.07      0.00      8.14    109.44      0.33      0.00      0.00      0.03      0.00      1.49     11.24      4.29      0.05     50.89      4.72  0.00000E+00  0.00000E+00
 T=10:
   1  109978   1138.22011      3.87   1091.22    230.63    328.04      9.59     20.88    161.65     57.52      0.00      0.00     23.73     12.97    254.10     18.12     17.02      0.08      0.07      0.00      7.53    223.00      0.00      0.42      0.17      0.00      0.00      6.14      0.03     15.60    207.53      0.33      0.00      0.00      0.03      0.00      2.71     17.28      7.96      0.17    101.28      9.50  0.00000E+00  0.00000E+00



--------

 ASPS

 2424221: 4 MPI, 4 GPU, 48 threads (1 GPU/mpi, 12 Threads/mpi)
 2424144: 1 MPI, 1 GPU, 12 threads (1 GPU/mpi, 12 Threads/mpi)
T=0:    1  110000      3.05121     
T=5
   1  109995   1193.31612      5.23   1160.98    201.11    255.84    183.07     15.95    190.82     48.64      0.00      0.00     10.81     40.70    233.89      8.23      0.05      0.14      0.12      0.01     21.60    179.09      0.00      0.26      0.32      0.00      0.00      2.86      0.06     19.02    189.63      0.30      0.00      0.00      0.02      0.00      1.46     13.42      6.74      0.43     76.73      7.01  0.00000E+00  0.00000E+00
T=8
   1  109988   1802.53008      5.23   1752.59    315.63    408.71    254.77     25.45    191.63     77.46      0.00      0.00     17.82     57.02    436.51     12.39      0.09      0.22      0.19      0.02     30.00    285.00      0.00      0.31      0.57      0.00      0.00      4.57      0.07     32.24    363.01      0.30      0.00      0.00      0.02      0.00      2.35     20.87     12.04      0.54    134.64     11.12  0.00000E+00  0.00000E+00

