   0.00000   0.01000   0.95351   0.93185   0.31780   1.00000  -0.00124  -0.00031  -0.00259
   0.00000   0.05000   0.97860   0.96708   0.34992   1.00000  -0.00124  -0.00031  -0.00259
   0.00000   0.10000   0.99231   0.97279   0.71730   1.00000  -0.00124  -0.00031  -0.00259
   0.00000   0.20000   0.99018   0.98641   0.27799   1.00000  -0.00124  -0.00031  -0.00259
   0.00000   0.50000   0.99069   0.98811   0.21751   1.00000  -0.00124  -0.00031  -0.00259
   0.00000   0.80000   0.99507   0.98829   0.57859   1.00000  -0.00124  -0.00031  -0.00259
   0.00000   0.90000   0.99333   0.99082   0.27397   1.00000  -0.00124  -0.00031  -0.00259
   0.00000   0.95000   0.99165   0.98849   0.27445   1.00000  -0.00124  -0.00031  -0.00259
   0.00000   1.00000   0.99710   0.99294   0.58914   1.00000  -0.00124  -0.00031  -0.00259
   0.00000  99.00000   0.99710   0.99294   0.58914   1.00000  -0.00124  -0.00031  -0.00259
