    1.5003751D-03  -1.4976701D-01   4.0920546D-01   5.9532834D-01   3.6793195D-01  -1.7797108D-01  -5.4055811D-01  -1.0803249D+00   1.1045524D-01   1.2964879D+00   7.0351212D-01   3.8859715D-01   1.4853713D-01   4.7723824D-01   1.1045524D-01   9.0117071D-01
    1.5003751D-03   2.1322142D-01   8.0917878D-01   2.1064060D-01  -5.3347599D-01   2.1450290D-02   4.2201128D-01  -9.7755460D-01   6.6538552D-02   1.4319931D+00   5.6800690D-01   4.2760690D-01   1.8454614D-01   5.6338216D-01   6.6538552D-02   8.5600230D-01
    1.5003751D-03   1.6216471D+00   4.9732287D-01  -1.3870257D+00   5.9877264D-01  -2.5134760D-01  -4.9058234D-02  -4.4748945D-01   1.3776566D-03   1.8840913D+00   1.1590868D-01   4.9737434D-01   4.2310578D-01   9.0062018D-01   1.3776566D-03   7.0530289D-01
    1.5003751D-03   1.4886785D+00  -3.0000764D+00   6.6023500D-01   6.1314349D-02  -2.0581391D-01  -2.9370472D-01  -2.8879748D-01   1.6607523D-04   1.9505602D+00   4.9439788D-02   4.9962491D-01   4.7711928D-01   9.5694102D-01   1.6607523D-04   6.8314660D-01
    1.5003751D-03   3.1322447D+00   2.4660781D+00  -5.7860074D-01   2.0841278D-02   1.1681982D-01  -1.3702222D-01  -2.4739719D-01   7.4067661D-05   1.9642490D+00   3.5751020D-02   4.9962491D-01   4.8312078D-01   9.6876277D-01   7.4067661D-05   6.7858367D-01
    1.5003751D-03  -1.1790983D-01  -7.9954292D-02  -1.5585025D-01   7.2969063D-01   4.2220539D-01   5.2712706D-01  -1.7317759D+00   8.6339508D-01   2.6231311D-01   1.7376869D+00   4.9512378D-02   3.0007502D-03   3.8421699D-02   8.6339508D-01   1.2458956D+00
    1.5003751D-03  -7.2907120D-01  -5.9170742D-01   1.0670296D+00  -1.1255335D-01  -4.9351344D-01  -3.1294943D-01  -6.4916316D-01   9.6079240D-03   1.7448999D+00   2.5510006D-01   4.8387097D-01   3.3158290D-01   7.8839850D-01   9.6079240D-03   7.5170002D-01
    1.5003751D-03   1.6859743D-01  -4.2352819D-01   2.5650527D-01  -6.2852612D-01   1.9682198D-01  -3.9633270D-01  -1.3048145D+00   2.7304168D-01   9.6176404D-01   1.0382360D+00   2.8732183D-01   6.4516129D-02   2.9273469D-01   2.7304168D-01   1.0127453D+00
    1.5003751D-03  -6.7678317D-01  -1.1174977D+00  -4.9432447D-01  -4.1047256D-01   8.3673685D-02  -4.7627513D-01  -6.6427513D-01   1.0345646D-02   1.7370624D+00   2.6293760D-01   4.8237059D-01   3.2408102D-01   7.8230619D-01   1.0345646D-02   7.5431253D-01
    1.5003751D-03  -2.8815377D-01   6.8536660D-01   1.3529171D-02   5.6376298D-01  -1.6462680D-01  -7.9136486D-02  -1.1112514D+00   1.0782075D-01   1.3036598D+00   6.9634017D-01   3.9084771D-01   1.5153788D-01   4.8163027D-01   1.0782075D-01   8.9878006D-01
    1.5003751D-03   2.1014700D-01   4.6396332D-01   8.0467163D-02   1.3579032D-01   9.9740573D-01  -2.4486723D-01  -1.3368807D+00   2.8169584D-01   9.4752472D-01   1.0524753D+00   2.8432108D-01   6.1515379D-02   2.8576849D-01   2.8169584D-01   1.0174918D+00
    1.5003751D-03  -1.8869897D-01  -4.6182383D-01  -1.1695118D-01   7.7912745D-01  -2.3913047D-02  -5.1193828D-01  -1.3659982D+00   2.8556192D-01   9.4123806D-01   1.0587619D+00   2.8432108D-01   6.0015004D-02   2.8271577D-01   2.8556192D-01   1.0195873D+00
    1.5003751D-03   8.4731579D-02   7.6009160D-02  -4.0835803D-01  -2.0888898D-01   5.9594717D-01   1.5215331D-01  -1.5007709D+00   4.1145575D-01   7.5658564D-01   1.2434144D+00   2.1155289D-01   2.7006752D-02   1.9931286D-01   4.1145575D-01   1.0811381D+00
    1.5003751D-03  -2.0191595D-01  -5.2703136D-01   2.5475127D-01   7.9311210D-02  -5.2843213D-02  -6.5901169D-02  -1.2004518D+00   1.8167660D-01   1.1297620D+00   8.7023802D-01   3.3833458D-01   8.7021755D-02   3.8034775D-01   1.8167660D-01   9.5674601D-01
    1.5003751D-03  -6.0512663D-01   3.6863260D-02  -1.6584067D-01  -4.7951227D-01  -1.2652469D-01  -8.3441827D-02  -1.2267264D+00   1.7465329D-01   1.1443963D+00   8.5560366D-01   3.4433608D-01   9.0022506D-02   3.8845428D-01   1.7465329D-01   9.5186789D-01
    1.5003751D-03  -2.7604314D+00   1.2069112D+00  -1.0438086D+00  -9.4599369D-02  -1.2382280D-01  -1.2970542D-01  -3.1232307D-01   2.3114447D-04   1.9435358D+00   5.6464237D-02   4.9962491D-01   4.7261815D-01   9.5090434D-01   2.3114447D-04   6.8548808D-01
    1.5003751D-03  -1.1052657D+00   9.6656630D-01  -6.4858757D-01   7.2615649D-02  -3.7612546D-01  -8.2508463D-02  -5.9890295D-01   5.6683079D-03   1.7943156D+00   2.0568444D-01   4.8762191D-01   3.5858965D-01   8.2736333D-01   5.6683079D-03   7.3522815D-01
    1.5003751D-03  -6.7195019D-01  -6.9095285D-01   1.5241131D-01   1.1668248D-01  -3.5753530D-01   4.3770969D-02  -9.0165552D-01   4.3059945D-02   1.5264971D+00   4.7350289D-01   4.4861215D-01   2.2805701D-01   6.2745447D-01   4.3059945D-02   8.2450096D-01
    1.5003751D-03  -7.2775528D-01  -6.5994549D-01  -2.7360467D-01  -8.2925348D-01  -3.2032238D-01   5.0291985D-01  -8.6116294D-01   3.6561797D-02   1.5576487D+00   4.4235131D-01   4.5536384D-01   2.4306077D-01   6.4930376D-01   3.6561797D-02   8.1411710D-01
    1.5003751D-03   2.8006937D-01   7.2009983D-01   9.0057767D-01   1.3535049D-01  -4.2606021D-01   9.8741588D-02  -7.5454241D-01   2.0301131D-02   1.6532170D+00   3.4678296D-01   4.7111778D-01   2.8507127D-01   7.1861859D-01   2.0301131D-02   7.8226099D-01
    1.5003751D-03   1.3998131D+00  -1.5881509D+00  -1.3267411D+00  -3.6206501D-01  -7.6376007D-02   3.5259491D-01  -3.9251823D-01   7.4332389D-04   1.9096414D+00   9.0358633D-02   4.9812453D-01   4.3810953D-01   9.2205794D-01   7.4332389D-04   6.9678621D-01
    1.5003751D-03   1.6938715D-01   8.6492318D-01   2.7321885D+00  -1.7608434D-01  -3.2824501D-01  -1.3448068D-01  -3.3948960D-01   3.8318249D-04   1.9308069D+00   6.9193108D-02   4.9812453D-01   4.5761440D-01   9.4001656D-01   3.8318249D-04   6.8973104D-01
    1.5003751D-03  -1.1265848D-01  -1.0112265D+00  -1.1731861D+00   5.0144896D-01   5.0331463D-03   6.0045811D-01  -6.0875254D-01   6.5536923D-03   1.7817866D+00   2.1821339D-01   4.8612153D-01   3.4958740D-01   8.1739351D-01   6.5536923D-03   7.3940446D-01
    1.5003751D-03   7.4084617D-02  -2.5592811D-01  -1.8631878D-01   7.3385232D-02  -3.0046814D-01  -6.4348188D-01  -1.6384917D+00   6.0080530D-01   5.2712467D-01   1.4728753D+00   1.3128282D-01   1.2003001D-02   1.1283385D-01   6.0080530D-01   1.1576251D+00
    1.5003751D-03  -3.2386940D-01   1.2336828D+00  -4.2931123D-01   4.5803961D-01   1.8175725D-01   2.2292660D-01  -6.9927325D-01   1.2106234D-02   1.7195850D+00   2.8041503D-01   4.7936984D-01   3.1657914D-01   7.6880653D-01   1.2106234D-02   7.6013834D-01
    1.5003751D-03   1.6415795D+00  -2.0996582D+00  -1.3840573D+00   1.1781092D-01   2.0158234D-01  -5.7250289D-02  -3.2829585D-01   3.0855685D-04   1.9365814D+00   6.3418612D-02   4.9887472D-01   4.6661665D-01   9.4494767D-01   3.0855685D-04   6.8780620D-01
    1.5003751D-03  -6.2866653D-01  -8.0493649D-01  -1.0185251D-01   4.6855391D-01  -3.0733350D-02   8.7285220D-03  -8.6245329D-01   3.5686877D-02   1.5620769D+00   4.3792311D-01   4.5611403D-01   2.4606152D-01   6.5243920D-01   3.5686877D-02   8.1264104D-01
    1.5003751D-03  -3.8322352D-01   3.6569330D-01   8.1091942D-01   9.2220154D-01  -4.7246808D-01  -3.7264547D-01  -8.8879298D-01   4.4240528D-02   1.5211308D+00   4.7886922D-01   4.4861215D-01   2.2505626D-01   6.2372727D-01   4.4240528D-02   8.2628974D-01
    1.5003751D-03  -3.0438841D+00  -4.2331322D+00  -7.9573273D-03  -3.4010263D-01  -2.9010675D-02  -1.9766701D-01  -1.9087579D-01   2.0827248D-05   1.9785044D+00   2.1495621D-02   5.0037509D-01   4.9212303D-01   9.8115538D-01   2.0827248D-05   6.7383187D-01
    1.5003751D-03   4.1681323D-01   4.7890925D-01   6.5833105D-01   1.3034495D-01  -5.4569160D-01   1.9631831D-01  -9.3220139D-01   5.4365675D-02   1.4781046D+00   5.2189540D-01   4.4036009D-01   2.0555139D-01   5.9423132D-01   5.4365675D-02   8.4063180D-01
    1.5003751D-03   5.8696002D-01   1.7226089D-01  -8.6122204D-02  -2.3875612D-01   3.7696333D-01   5.0568864D-01  -1.2014625D+00   1.8281166D-01   1.1274257D+00   8.7257430D-01   3.3833458D-01   8.5521380D-02   3.7906066D-01   1.8281166D-01   9.5752477D-01
    1.5003751D-03  -4.1295729D-01  -3.4676749D-01  -1.7177769D+00   4.9936803D-02  -2.0014036D-01  -6.0235480D-02  -5.3178863D-01   3.3956746D-03   1.8329886D+00   1.6701138D-01   4.9212303D-01   3.9309827D-01   8.5852771D-01   3.3956746D-03   7.2233713D-01
    1.5003751D-03  -2.0464078D-01  -3.9659946D-01   4.5405129D-01   4.7751164D-01   2.1378609D-01   1.5142655D-01  -1.2095373D+00   1.6874147D-01   1.1569630D+00   8.4303697D-01   3.5033758D-01   9.6024006D-02   3.9547634D-01   1.6874147D-01   9.4767899D-01
    1.5003751D-03   6.8696818D-01   1.1651687D+00  -3.2898156D-01   1.4317657D-01  -2.3270138D-02  -6.6045208D-01  -6.7380975D-01   1.0498245D-02   1.7354822D+00   2.6451784D-01   4.8162041D-01   3.2258065D-01   7.8108072D-01   1.0498245D-02   7.5483928D-01
    1.5003751D-03  -1.3798459D-01  -3.8447162D-01  -4.0790163D-02   3.6080595D-01  -5.5514187D-01   1.7487234D-01  -1.5156973D+00   4.3415158D-01   7.2658780D-01   1.2734122D+00   1.9804951D-01   2.5506377D-02   1.8691389D-01   4.3415158D-01   1.0911374D+00
    1.5003751D-03   1.2147500D-01  -4.4193444D-01  -1.3928976D+00  -1.6284011D-01  -6.5301043D-01  -4.0537351D-01  -6.4180991D-01   8.4057907D-03   1.7584615D+00   2.4153849D-01   4.8537134D-01   3.3908477D-01   7.9899682D-01   8.4057907D-03   7.4717950D-01
    1.5003751D-03   5.8697492D-01  -1.2598007D-01  -3.1252975D-01  -4.4460138D-01  -6.4478943D-01  -3.9421889D-01  -1.1681403D+00   1.4244202D-01   1.2159905D+00   7.8400948D-01   3.7209302D-01   1.1552888D-01   4.2921442D-01   1.4244202D-01   9.2800316D-01
    1.5003751D-03  -1.1387178D-01  -4.1608676D-01  -7.8152169D-02   3.0696960D-01  -4.0257976D-01  -9.4033573D-01  -1.4861591D+00   3.8804062D-01   7.8843814D-01   1.2115619D+00   2.2205551D-01   3.3008252D-02   2.1283227D-01   3.8804062D-01   1.0705206D+00
    1.5003751D-03   7.1541195D-02  -9.8872111D-01  -4.4301088D-02   3.5474334D-01   1.3770609D-01  -6.1156326D-02  -8.7922386D-01   4.0481446D-02   1.5385152D+00   4.6148478D-01   4.5086272D-01   2.3555889D-01   6.3584073D-01   4.0481446D-02   8.2049493D-01
    1.5003751D-03   4.0571045D-01   2.1617511D-02   6.1371463D-01   3.2303262D-02  -4.8730844D-01  -3.1801841D-01  -1.0990198D+00   1.1125902D-01   1.2943185D+00   7.0568146D-01   3.8784696D-01   1.4403601D-01   4.7591342D-01   1.1125902D-01   9.0189382D-01
    1.5003751D-03  -1.1002648D-01  -1.6240460D+00   2.3942226D-01  -5.7373373D-01   4.9528290D-01  -2.0501377D-01  -5.7309767D-01   5.0823561D-03   1.8032509D+00   1.9674912D-01   4.8837209D-01   3.6909227D-01   8.3451129D-01   5.0823561D-03   7.3224971D-01
    1.5003751D-03   7.9551763D-01  -9.2485844D-01  -9.4813440D-01  -1.2141813D-01   2.5353392D-01   1.2106446D-01  -6.1505407D-01   6.7012900D-03   1.7797964D+00   2.2020363D-01   4.8612153D-01   3.4808702D-01   8.1581547D-01   6.7012900D-03   7.4006788D-01
    1.5003751D-03  -1.4736860D-01  -1.7026487D-02   1.9616060D+00  -1.5794975D-01   2.9816373D-01  -5.6830076D-02  -4.8242542D-01   2.2684782D-03   1.8581838D+00   1.4181620D-01   4.9512378D-01   4.0810203D-01   8.7915023D-01   2.2684782D-03   7.1393873D-01
    1.5003751D-03   6.5613559D-01  -1.0084149D-01  -9.0972625D-02  -1.2755863D-01   4.6741543D-02  -5.3300346D-01  -1.1578438D+00   1.4656041D-01   1.2063773D+00   7.9362271D-01   3.7134284D-01   1.1102776D-01   4.2363488D-01   1.4656041D-01   9.3120757D-01
    1.5003751D-03   3.3644149D-01  -2.4192955D-01   6.7339026D-01  -4.7964599D-01  -2.1691262D-02   2.9002486D-01  -1.0280321D+00   8.8894386D-02   1.3583019D+00   6.4169806D-01   4.0810203D-01   1.6654164D-01   5.1570473D-01   8.8894386D-02   8.8056602D-01
    1.5003751D-03   6.0909160D-01  -3.0608757D-01  -3.6668660D-01  -8.9550754D-01   7.4401970D-02   5.6566482D-02  -1.0482482D+00   9.5136828D-02   1.3396240D+00   6.6037597D-01   4.0285071D-01   1.6054014D-01   5.0393534D-01   9.5136828D-02   8.8679199D-01
    1.5003751D-03   2.5014517D+00   4.2364582D+00  -1.9351814D+00  -3.7395836D-01  -4.7065410D-02   2.6415855D-01  -1.8945081D-01   1.9447892D-05   1.9790866D+00   2.0913378D-02   5.0037509D-01   4.9362341D-01   9.8166331D-01   1.9447892D-05   6.7363779D-01
    1.5003751D-03  -7.6667235D-03  -3.1216648D-01  -1.5759674D-01   5.9621014D-01   2.3000999D-01   8.4125729D-01  -1.6046311D+00   5.4895543D-01   5.8580434D-01   1.4141957D+00   1.4628657D-01   1.8004501D-02   1.3309600D-01   5.4895543D-01   1.1380652D+00
    1.5003751D-03   4.8968170D-01   5.5420489D-01  -1.0417877D+00   2.8519822D-01   4.0305411D-01  -3.1344017D-01  -7.2669297D-01   1.5030464D-02   1.6935569D+00   3.0644313D-01   4.7786947D-01   3.0157539D-01   7.4892165D-01   1.5030464D-02   7.6881438D-01
    1.5003751D-03   7.5083063D-01  -2.1933665D-02   4.4151472D-02   2.1117619D-01  -7.0355604D-01  -1.6970119D-01  -1.0667099D+00   1.0395659D-01   1.3143564D+00   6.8564358D-01   3.9384846D-01   1.5453863D-01   4.8821533D-01   1.0395659D-01   8.9521453D-01
    1.5003751D-03  -9.3013240D-01  -8.1026763D-01  -5.8948562D-02  -7.0733694D-01   4.1562086D-02   1.7459189D-01  -7.4182346D-01   1.7273162D-02   1.6755292D+00   3.2447079D-01   4.7711928D-01   2.9557389D-01   7.3530212D-01   1.7273162D-02   7.7482360D-01
    1.5003751D-03   1.0544714D+00   1.4892089D+00   1.9333262D+00   5.3409242D-01  -2.5059751D-01   3.2801044D-02  -3.6674018D-01   5.5338370D-04   1.9197718D+00   8.0228242D-02   4.9812453D-01   4.5311328D-01   9.3063078D-01   5.5338370D-04   6.9340941D-01
    1.5003751D-03  -5.6040946D-01   9.4871250D-01   6.8263841D-01  -1.7761735D-01   4.2414838D-01  -3.9049661D-01  -7.0776257D-01   1.4158993D-02   1.7009806D+00   2.9901939D-01   4.7861965D-01   3.0457614D-01   7.5456653D-01   1.4158993D-02   7.6633980D-01
    1.5003751D-03   8.8873447D-01   6.8819734D-01   3.2035492D-01   2.9583109D-01  -1.5570938D-01  -5.6340124D-02  -7.8501565D-01   2.1566310D-02   1.6444650D+00   3.5553495D-01   4.6961740D-01   2.8207052D-01   7.1212648D-01   2.1566310D-02   7.8517832D-01
    1.5003751D-03  -9.1524112D-01  -5.5726496D-01   1.2952949D-01   6.1581489D-01   2.6619125D-01  -1.8541021D-01  -8.3206055D-01   2.9468505D-02   1.5955043D+00   4.0449570D-01   4.6061515D-01   2.5806452D-01   6.7634623D-01   2.9468505D-02   8.0149857D-01
    1.5003751D-03  -2.4733720D-01   2.0917618D-01   2.2397485D-01  -3.9522539D-01  -9.6878666D-01   3.8091451D-01  -1.4859214D+00   4.6376258D-01   6.8862981D-01   1.3113702D+00   1.8829707D-01   2.2505626D-02   1.7169052D-01   4.6376258D-01   1.1037901D+00
    1.5003751D-03   7.9925342D-01  -3.4340621D-02  -3.7635773D-01  -4.4103259D-01   2.5553756D-01  -4.5711517D-01  -9.9784557D-01   6.1214621D-02   1.4515216D+00   5.4847845D-01   4.3210803D-01   1.9354839D-01   5.7635106D-01   6.1214621D-02   8.4949282D-01
    1.5003751D-03   7.9216376D-01   1.3566149D-03  -3.5635880D-01   3.5337162D-01   5.2123737D-01   3.1268976D-01  -1.0104304D+00   6.5051487D-02   1.4373567D+00   5.6264331D-01   4.2910728D-01   1.8754689D-01   5.6693013D-01   6.5051487D-02   8.5421444D-01
    1.5003751D-03  -4.4508955D-01   2.4336374D-01  -8.4773096D-01  -5.3098799D-02   3.5019979D-01   6.4287392D-01  -9.0566013D-01   4.1148085D-02   1.5353674D+00   4.6463259D-01   4.5086272D-01   2.3105776D-01   6.3363896D-01   4.1148085D-02   8.2154420D-01
    1.5003751D-03  -2.4050704D-01   1.0812215D+00   3.0124421D-01   4.6001998D-01   1.8959143D-01   1.9632874D-01  -8.0085455D-01   2.3170341D-02   1.6337834D+00   3.6621657D-01   4.6886722D-01   2.7606902D-01   7.0424264D-01   2.3170341D-02   7.8873886D-01
    1.5003751D-03  -3.1725145D-01  -5.2826987D+00  -8.0395807D-01  -2.7970486D-02   3.2150182D-02  -5.5512459D-02  -1.8612102D-01   1.8288821D-05   1.9795953D+00   2.0404698D-02   5.0037509D-01   4.9512378D-01   9.8210718D-01   1.8288821D-05   6.7346823D-01
    1.5003751D-03   8.6420595D-01   7.0523317D-01  -3.8153672D-01  -1.2244799D-01  -4.9806197D-01  -5.8970555D-02  -7.6744011D-01   2.0838561D-02   1.6494620D+00   3.5053796D-01   4.7036759D-01   2.8357089D-01   7.1582959D-01   2.0838561D-02   7.8351265D-01
    1.5003751D-03  -1.0513899D+00  -3.2017077D-01   1.5050082D+00  -9.0753160D-02   4.0019781D-01  -2.0718490D-01  -5.1240643D-01   2.9044724D-03   1.8432460D+00   1.5675400D-01   4.9287322D-01   4.0060015D-01   8.6689298D-01   2.9044724D-03   7.1891800D-01
    1.5003751D-03   5.1219779D-01  -2.6094049D-01  -8.7232788D-01   4.1313669D-01   3.4139303D-01   3.4164511D-01  -8.5527975D-01   3.3383863D-02   1.5740373D+00   4.2596274D-01   4.5761440D-01   2.5056264D-01   6.6094476D-01   3.3383863D-02   8.0865425D-01
    1.5003751D-03  -1.0309425D+00  -1.3454754D+00  -1.5636575D+00  -4.6974625D-02   3.6937856D-01  -2.4624998D-01  -4.2115578D-01   1.0843892D-03   1.8947718D+00   1.0522820D-01   4.9812453D-01   4.2910728D-01   9.0954965D-01   1.0843892D-03   7.0174273D-01
    1.5003751D-03  -1.9761151D+00   1.0677663D+00  -5.9212975D-01  -3.1914505D-01  -3.2542486D-01  -1.3933357D-02  -4.2549257D-01   1.0481263D-03   1.8962067D+00   1.0379335D-01   4.9812453D-01   4.3060765D-01   9.1075276D-01   1.0481263D-03   7.0126445D-01
    1.5003751D-03  -1.6348993D+00  -6.1246997D-01   8.4971003D-01  -3.3580783D-02  -7.5207877D-02  -1.6232585D-01  -4.9450582D-01   2.4085814D-03   1.8546995D+00   1.4530052D-01   4.9437359D-01   4.0360090D-01   8.7628321D-01   2.4085814D-03   7.1510017D-01
    1.5003751D-03  -1.7015286D-01  -3.9088993D-03   5.6167266D-01   6.2821027D-02  -1.1916937D-01   2.4097284D-01  -1.2785692D+00   2.0838004D-01   1.0767326D+00   9.2326737D-01   3.2408102D-01   8.1020255D-02   3.5161093D-01   2.0838004D-01   9.7442246D-01
    1.5003751D-03   9.7251777D-03  -4.3226483D-01  -7.6295823D-02  -2.7085639D-01  -2.8499996D-01  -5.2212181D-01  -1.4500390D+00   3.8702454D-01   7.8984244D-01   1.2101576D+00   2.2280570D-01   3.6009002D-02   2.1343667D-01   3.8702454D-01   1.0700525D+00
    1.5003751D-03  -6.4832500D-01  -1.7495100D-01  -2.5854382D-02  -6.9961949D-01  -2.0023273D-02  -9.2593921D-02  -1.1795137D+00   1.4535091D-01   1.2091851D+00   7.9081491D-01   3.7209302D-01   1.1252813D-01   4.2526111D-01   1.4535091D-01   9.3027164D-01
    1.5003751D-03   5.6479140D-01  -6.2782522D-01  -3.2065997D-01   2.0167018D-01  -6.8140952D-02  -9.9954315D-02  -9.3502647D-01   5.6794525D-02   1.4684726D+00   5.3152741D-01   4.3660915D-01   1.9954989D-01   5.8772244D-01   5.6794525D-02   8.4384247D-01
    1.5003751D-03   9.5310500D-01  -5.8588751D-01  -1.1438708D-01   2.7205787D-01   7.7987279D-02   4.6084184D-01  -8.0183172D-01   2.5117644D-02   1.6213719D+00   3.7862810D-01   4.6586647D-01   2.7006752D-01   6.9513659D-01   2.5117644D-02   7.9287603D-01
    1.5003751D-03   1.5054469D-01  -2.8601526D-01  -1.7549963D+00  -5.8935941D-01   4.3328370D-01  -3.1828006D-01  -5.4025111D-01   3.5345033D-03   1.8302501D+00   1.6974986D-01   4.9212303D-01   3.8709677D-01   8.5630144D-01   3.5345033D-03   7.2324995D-01
    1.5003751D-03  -1.3131052D+00  -1.5825113D+00  -2.3240399D-01   5.6679209D-01  -1.5561887D-01  -3.3104319D-02  -4.6720608D-01   1.7962236D-03   1.8709683D+00   1.2903175D-01   4.9587397D-01   4.1410353D-01   8.8971130D-01   1.7962236D-03   7.0967725D-01
    1.5003751D-03   1.9373748D-01   5.4098737D-01  -4.3603615D-01  -3.3744122D-01  -5.7526500D-01  -7.5941554D-02  -1.1404507D+00   1.1824454D-01   1.2758175D+00   7.2418249D-01   3.8559640D-01   1.4103526D-01   4.6468387D-01   1.1824454D-01   9.0806083D-01
    1.5003751D-03   4.9664346D-01   5.2400578D-01  -1.8009304D-01  -1.9428956D-01  -2.3173483D-02  -6.2679989D-01  -1.0866739D+00   1.0760322D-01   1.3042563D+00   6.9574369D-01   3.9084771D-01   1.5303826D-01   4.8199639D-01   1.0760322D-01   8.9858123D-01
    1.5003751D-03  -4.1765605D-02   4.6034984D-01  -5.6337745D-01  -3.4466102D-01   4.7666356D-01   8.1214679D-01  -1.1137665D+00   1.1466462D-01   1.2852214D+00   7.1477856D-01   3.8709677D-01   1.4253563D-01   4.7037632D-01   1.1466462D-01   9.0492619D-01
    1.5003751D-03  -8.5712976D-01  -2.6025464D-01   4.0276480D+00  -2.6044305D-01  -5.0388276D-02   2.3643642D-01  -2.3917593D-01   6.5861401D-05   1.9658943D+00   3.4105711D-02   4.9962491D-01   4.8462116D-01   9.7018883D-01   6.5861401D-05   6.7803524D-01
    1.5003751D-03  -1.3621842D-01  -3.7734152D+00   2.6138148D+00   2.6751294D-01  -5.5903287D-03   1.2887203D-01  -2.1645064D-01   3.8935251D-05   1.9723773D+00   2.7622724D-02   4.9962491D-01   4.8912228D-01   9.7581871D-01   3.8935251D-05   6.7587424D-01
    1.5003751D-03  -2.6906347D-01   1.0269006D-01  -6.7791601D-01  -1.4162365D-01  -6.6049793D-01  -5.4531019D-01  -1.1315344D+00   1.1101010D-01   1.2949894D+00   7.0501055D-01   3.8784696D-01   1.4553638D-01   4.7632296D-01   1.1101010D-01   9.0167018D-01
    1.5003751D-03   3.3014198D-02   5.6440493D-01  -1.0899873D-01  -3.4155117D-01  -5.9842357D-01  -3.8011188D-03  -1.3011350D+00   2.1844197D-01   1.0577041D+00   9.4229591D-01   3.1582896D-01   7.5018755D-02   3.4154275D-01   2.1844197D-01   9.8076530D-01
    1.5003751D-03   6.1950758D-01   7.5874194D-02   7.4993802D-02  -1.0846594D+00   4.8225420D-01  -2.5329995D-01  -1.1838148D+00   1.7457662D-01   1.1445578D+00   8.5544217D-01   3.4433608D-01   9.1522881D-02   3.8854416D-01   1.7457662D-01   9.5181406D-01
    1.5003751D-03   1.0298613D+00  -2.0198684D-01   1.3628201D+00  -3.6520150D-01   2.0667279D-01   7.8939216D-02  -5.4610889D-01   4.1693174D-03   1.8184717D+00   1.8152832D-01   4.9062266D-01   3.7509377D-01   8.4675999D-01   4.1693174D-03   7.2717611D-01
    1.5003751D-03   2.6663739D-01  -1.5505192D-01  -7.5872605D-01  -1.3403277D-01   2.5060284D-01   8.5858750D-01  -1.0136168D+00   7.9264512D-02   1.3886048D+00   6.1139515D-01   4.1635409D-01   1.7704426D-01   5.3506977D-01   7.9264512D-02   8.7046505D-01
    1.5003751D-03  -5.6868514D-01   1.6216579D-01   3.2727758D-01  -5.7803283D-02   3.6795682D-01  -5.0209112D-01  -1.1638760D+00   1.4300722D-01   1.2146623D+00   7.8533765D-01   3.7209302D-01   1.1402851D-01   4.2844158D-01   1.4300722D-01   9.2844588D-01
    1.5003751D-03  -6.6868992D-02   5.7159615D-02   7.1240476D-01  -7.1921384D-01   2.2394025D-01  -2.0589236D-02  -1.1022297D+00   1.1999037D-01   1.2712882D+00   7.2871178D-01   3.8559640D-01   1.3653413D-01   4.6195354D-01   1.1999037D-01   9.0957059D-01
    1.5003751D-03  -1.7731249D+00   1.0274696D+00  -1.8015910D+00  -2.7959772D-01  -3.9699384D-01   3.9105646D-01  -3.6249084D-01   4.8869646D-04   1.9236894D+00   7.6310573D-02   4.9812453D-01   4.5461365D-01   9.3395724D-01   4.8869646D-04   6.9210352D-01
    1.5003751D-03  -4.9309308D-01  -6.5631798D-01   6.3212101D-01   3.9161275D-01  -2.3943227D-01  -3.0870169D-01  -8.3772161D-01   3.4446834D-02   1.5684603D+00   4.3153969D-01   4.5761440D-01   2.4906227D-01   6.5697204D-01   3.4446834D-02   8.1051323D-01
    1.5003751D-03  -1.2024990D+00   1.2800083D+00   2.4388375D-01   4.5914416D-02   7.4817161D-02  -2.6807436D-02  -5.5513175D-01   3.6381081D-03   1.8282474D+00   1.7175256D-01   4.9212303D-01   3.8559640D-01   8.5467522D-01   3.6381081D-03   7.2391752D-01
    1.5003751D-03   4.6401027D-01   3.0254713D-01   6.8311081D-01   1.5235635D-01   3.6059084D-01   8.6177410D-02  -9.6156934D-01   6.2333827D-02   1.4473394D+00   5.5266056D-01   4.3135784D-01   1.9204801D-01   5.7356187D-01   6.2333827D-02   8.5088685D-01
    1.5003751D-03   3.9590579D-03   3.7824716D-01  -2.2437282D-01  -3.9439493D-01   2.2847266D-01   1.3970408D-01  -1.4820215D+00   3.8584173D-01   7.9147958D-01   1.2085204D+00   2.2355589D-01   3.7509377D-02   2.1414218D-01   3.8584173D-01   1.0695068D+00
    1.5003751D-03   7.7045201D-01   6.5561607D-01   2.8916227D-01   3.0111829D-01   4.4982500D-01   1.4088396D-01  -8.5083309D-01   3.2492742D-02   1.5787911D+00   4.2120888D-01   4.5836459D-01   2.5356339D-01   6.6434041D-01   3.2492742D-02   8.0706963D-01
    1.5003751D-03   2.0889795D-01   1.4348066D-01  -5.0499490D-01  -1.4225034D-01  -1.0601206D+00   1.0976929D-01  -1.3091990D+00   2.2864638D-01   1.0388785D+00   9.6112154D-01   3.1282821D-01   7.2018005D-02   3.3170831D-01   2.2864638D-01   9.8704051D-01
    1.5003751D-03  -2.2411588D+00  -1.2529975D+00  -3.0936967D-01  -5.1691665D-01  -3.1905277D-01   8.2528643D-02  -3.7686402D-01   6.3092656D-04   1.9154191D+00   8.4580898D-02   4.9812453D-01   4.4711178D-01   9.2694226D-01   6.3092656D-04   6.9486030D-01
    1.5003751D-03   7.5732416D-01   1.9968520D-01  -9.4484366D-01   3.9870260D-01  -5.6123353D-02  -3.3188167D-02  -7.4876673D-01   1.7719592D-02   1.6721051D+00   3.2789494D-01   4.7636909D-01   2.9407352D-01   7.3272937D-01   1.7719592D-02   7.7596498D-01
    1.5003751D-03   2.7861074D-01   1.3038547D-02   1.4143103D+00   1.0722374D-01   1.9377998D-01  -8.4519111D-02  -6.3495961D-01   9.0451079D-03   1.7511181D+00   2.4888189D-01   4.8462116D-01   3.3308327D-01   7.9324907D-01   9.0451079D-03   7.4962730D-01
    1.5003751D-03   1.2400146D-01   4.5117761D-01  -4.8922277D-02   7.7480094D-01  -8.2184913D-01  -7.1810120D-01  -1.4035640D+00   3.4021373D-01   8.5674072D-01   1.1432593D+00   2.4906227D-01   4.6511628D-02   2.4304474D-01   3.4021373D-01   1.0477531D+00
    1.5003751D-03  -1.2778089D+00   2.3524330D-01   1.9027995D-01  -1.1729102D-01  -4.2478392D-01  -1.2101695D-01  -6.9702652D-01   1.3415158D-02   1.7075293D+00   2.9247074D-01   4.7861965D-01   3.0907727D-01   7.5956368D-01   1.3415158D-02   7.6415691D-01
    1.5003751D-03  -7.7904292D-01   3.3802287D-01   3.5783969D-01  -1.2521017D-01   3.2108745D-02  -7.1613353D-01  -9.3529111D-01   5.2930848D-02   1.4839089D+00   5.1609106D-01   4.4111028D-01   2.0705176D-01   5.9817024D-01   5.2930848D-02   8.3869702D-01
    1.5003751D-03  -1.3305665D+00  -9.0518601D-01  -1.0294813D+00  -8.9807683D-02   4.4161629D-02   4.4360232D-01  -5.0126732D-01   2.5941355D-03   1.8502641D+00   1.4973589D-01   4.9362341D-01   4.0210053D-01   8.7264063D-01   2.5941355D-03   7.1657863D-01
    1.5003751D-03  -9.8902023D-01   4.9203017D-01  -6.0301483D-01  -8.4129041D-02   2.8534586D-01   7.8861184D-02  -7.4192046D-01   1.5989570D-02   1.6856690D+00   3.1433095D-01   4.7786947D-01   2.9857464D-01   7.4294717D-01   1.5989570D-02   7.7144365D-01
    1.5003751D-03  -2.5672148D-01   6.1759447D-02   3.8170609D-01  -4.7642131D-01   3.6686818D-01   1.6305815D-01  -1.4079960D+00   3.4922420D-01   8.4350943D-01   1.1564906D+00   2.4381095D-01   4.3510878D-02   2.3706229D-01   3.4922420D-01   1.0521635D+00
    1.5003751D-03   7.3474749D-01  -1.2807900D+00  -1.6418845D+00  -1.5069540D-01  -2.6720287D-01  -3.3378194D-01  -4.4165467D-01   1.3286339D-03   1.8857757D+00   1.1422427D-01   4.9812453D-01   4.2460615D-01   9.0202539D-01   1.3286339D-03   7.0474142D-01
    1.5003751D-03   6.1002254D-01  -4.5687025D-01  -1.6168805D-01   3.5205541D-01  -9.7174961D-02  -7.3998570D-02  -1.0344546D+00   9.3189371D-02   1.3453761D+00   6.5462393D-01   4.0510128D-01   1.6354089D-01   5.0754631D-01   9.3189371D-02   8.8487464D-01
    1.5003751D-03  -7.7992768D-01   3.7802005D-01  -4.3844472D-01  -6.7164415D-01   4.6751151D-02   4.0037715D-01  -9.1326480D-01   4.3792944D-02   1.5231556D+00   4.7684440D-01   4.4861215D-01   2.2655664D-01   6.2513235D-01   4.3792944D-02   8.2561480D-01
    1.5003751D-03  -2.0588986D+00   2.1728503D-01  -1.4951877D+00   5.7227628D-01  -1.2262507D-02   1.9653597D-01  -3.8377319D-01   6.6989248D-04   1.9133516D+00   8.6648431D-02   4.9812453D-01   4.4561140D-01   9.2519288D-01   6.6989248D-04   6.9554948D-01
    1.5003751D-03   4.8995137D-01  -4.0269542D-01   1.5064134D-01   1.2750043D-01  -3.2997989D-01   5.6982861D-01  -1.1522249D+00   1.5824475D-01   1.1798774D+00   8.2012257D-01   3.6084021D-01   1.0352588D-01   4.0842554D-01   1.5824475D-01   9.4004086D-01
    1.5003751D-03   1.1056447D+00  -2.1932742D-01  -3.7505057D-01   5.6211841D-01  -3.6583466D-01  -7.2694641D-02  -7.6516906D-01   2.0209029D-02   1.6538663D+00   3.4613372D-01   4.7111778D-01   2.8657164D-01   7.1910135D-01   2.0209029D-02   7.8204457D-01
    1.5003751D-03   1.0351813D+00  -3.9089012D-01   8.7308759D-01   7.9475105D-02  -1.0534530D-01   1.8840545D-01  -6.5103266D-01   9.9568459D-03   1.7411509D+00   2.5884909D-01   4.8312078D-01   3.2858215D-01   7.8548131D-01   9.9568459D-03   7.5294970D-01
    1.5003751D-03   4.3429157D-01   2.9534071D+00  -7.1086795D-01   4.7911103D-02  -3.0487418D-01  -3.6682363D-02  -3.2762400D-01   2.7809684D-04   1.9391777D+00   6.0822331D-02   4.9887472D-01   4.6811703D-01   9.4716918D-01   2.7809684D-04   6.8694078D-01
    1.5003751D-03   1.8117243D-01   7.6966503D-01  -1.2532569D+00   4.0273041D-02   8.2702550D-02  -1.8209373D-01  -6.4433709D-01   8.0337189D-03   1.7628861D+00   2.3711392D-01   4.8537134D-01   3.4208552D-01   8.0247014D-01   8.0337189D-03   7.4570464D-01
    1.5003751D-03  -8.6562007D-01   1.9798179D+00   2.2758536D-03  -3.6656741D-01  -6.6092471D-02  -2.0160919D-01  -4.6015625D-01   1.4700376D-03   1.8810110D+00   1.1898897D-01   4.9662416D-01   4.2160540D-01   8.9805341D-01   1.4700376D-03   7.0632966D-01
    1.5003751D-03   6.8635123D-01  -8.6233809D-02   3.2838209D-01  -1.5748259D-02   3.2911228D-01   1.3021481D-01  -1.0523826D+00   9.8430275D-02   1.3300429D+00   6.6995706D-01   4.0060015D-01   1.5903976D-01   4.9794729D-01   9.8430275D-02   8.8998569D-01
    1.5003751D-03   9.5087647D-01  -3.5294280D+00   2.7545359D+00  -1.4345095D-01  -2.3638731D-01   3.3050656D-01  -2.1696036D-01   3.9581785D-05   1.9721943D+00   2.7805735D-02   4.9962491D-01   4.8762191D-01   9.7565954D-01   3.9581785D-05   6.7593525D-01
    1.5003751D-03  -8.8049095D-02  -7.8894635D-01   5.7044503D-02   2.6265271D-01   8.1270602D-01  -3.5985862D-01  -1.0477914D+00   8.7032565D-02   1.3640128D+00   6.3598723D-01   4.0885221D-01   1.6954239D-01   5.1932860D-01   8.7032565D-02   8.7866241D-01
    1.5003751D-03  -3.0444613D-01   8.1798493D-01   1.8176817D-01   7.3066264D-01  -2.8480573D-01   4.4119480D-01  -9.8247293D-01   5.9461255D-02   1.4581606D+00   5.4183940D-01   4.3435859D-01   1.9654914D-01   5.8079212D-01   5.9461255D-02   8.4727980D-01
    1.5003751D-03   6.3729322D-02  -1.8235424D-01  -6.2443890D-02  -1.9333538D-01   8.2213688D-01  -4.6472416D-01  -1.7725353D+00   8.8226120D-01   2.4490867D-01   1.7550913D+00   4.6511628D-02   1.5003751D-03   3.4593387D-02   8.8226120D-01   1.2516971D+00
    1.5003751D-03  -1.1751280D+00  -1.1569771D+00   2.9960786D-01   2.5559307D-02   3.5657488D-01   1.7000106D-01  -5.6934188D-01   4.6803682D-03   1.8097360D+00   1.9026403D-01   4.8837209D-01   3.7059265D-01   8.3971887D-01   4.6803682D-03   7.3008801D-01
    1.5003751D-03  -1.7671388D-01   2.9810885D-01   5.8637608D-01   8.4175093D-01   1.9579326D-03  -3.0623144D-01  -1.1394679D+00   1.3988770D-01   1.2220292D+00   7.7797082D-01   3.7509377D-01   1.2153038D-01   4.3273621D-01   1.3988770D-01   9.2599027D-01
    1.5003751D-03   5.2652772D-01   2.1224193D-01  -5.8885641D-01  -3.7888377D-01   9.7551749D-02  -1.0416760D-01  -1.0177668D+00   7.9610550D-02   1.3874815D+00   6.1251848D-01   4.1560390D-01   1.7554389D-01   5.3434592D-01   7.9610550D-02   8.7083949D-01
    1.5003751D-03  -1.9801729D-01   9.3495823D-01  -5.8755482D-01   4.1183524D-01   3.9776477D-01  -3.2110230D-01  -8.1150856D-01   2.5360019D-02   1.6198663D+00   3.8013375D-01   4.6586647D-01   2.6856714D-01   6.9403592D-01   2.5360019D-02   7.9337792D-01
    1.5003751D-03   3.8512077D-01   1.5636004D+00   8.0409481D-02   1.2828830D-01   1.5134742D-01  -1.9714798D-01  -6.0034948D-01   5.5578609D-03   1.7959569D+00   2.0404310D-01   4.8762191D-01   3.6009002D-01   8.2867398D-01   5.5578609D-03   7.3468103D-01
    1.5003751D-03   1.4255948D-01   5.6891732D-01  -3.0576725D-01   6.8470628D-01  -5.5583677D-01   6.4355750D-01  -1.1820237D+00   1.5197911D-01   1.1939502D+00   8.0604977D-01   3.6609152D-01   1.0802701D-01   4.1647121D-01   1.5197911D-01   9.3534992D-01
    1.5003751D-03  -7.3487342D+00  -6.1835328D+00   3.1308866D+00  -1.2524244D-01   1.7266643D-01  -8.1443770D-02  -9.8812983D-02   7.8086538D-07   1.9942279D+00   5.7720698D-03   5.0037509D-01   4.9962491D-01   9.9492109D-01   7.8086538D-07   6.6859069D-01
    1.5003751D-03   8.2733734D-01   1.4056839D-01  -2.5372757D-01   3.3551676D-01  -4.3830759D-01   4.0741917D-01  -9.7233307D-01   6.3014424D-02   1.4448169D+00   5.5518315D-01   4.2985746D-01   1.8904726D-01   5.7188260D-01   6.3014424D-02   8.5172772D-01
    1.5003751D-03   2.1708339D+00   1.7964895D+00   1.2214554D+00   1.8641925D-02   4.7594795D-02   3.9483565D-01  -3.2057288D-01   2.7701095D-04   1.9392733D+00   6.0726717D-02   4.9887472D-01   4.6961740D-01   9.4725104D-01   2.7701095D-04   6.8690891D-01
    1.5003751D-03   5.0061091D-01  -6.1153523D-01   3.0388923D-01   7.9211199D-01  -1.7337293D-01   5.4642223D-01  -9.7826058D-01   7.0949253D-02   1.4164683D+00   5.8353170D-01   4.2385596D-01   1.8004501D-01   5.5317228D-01   7.0949253D-02   8.6117723D-01
    1.5003751D-03   1.1159277D-01  -5.7606621D-02  -3.9043205D-01  -3.0817400D-01  -8.1559252D-01   4.1901907D-01  -1.5054391D+00   4.3481207D-01   7.2572698D-01   1.2742730D+00   1.9804951D-01   2.4006002D-02   1.8656288D-01   4.3481207D-01   1.0914243D+00
    1.5003751D-03   7.6307459D-01   2.4523764D+00   3.6332968D-01  -4.2889308D-02  -2.1625504D-02   2.4490756D-01  -3.8912958D-01   6.2206133D-04   1.9159000D+00   8.4099987D-02   4.9812453D-01   4.4861215D-01   9.2734942D-01   6.2206133D-04   6.9470000D-01
    1.5003751D-03   1.0813485D-01  -1.5834718D-01  -3.9448436D-01  -2.4552274D-01   1.8514503D-01   2.3500631D-01  -1.4612766D+00   3.8771310D-01   7.8889059D-01   1.2111094D+00   2.2205551D-01   3.4508627D-02   2.1302692D-01   3.8771310D-01   1.0703698D+00
    1.5003751D-03  -6.4712371D-02  -7.8093043D-01   5.9372471D-01   2.4764832D-01   1.8600955D-01   2.6387043D-01  -8.6643315D-01   4.1890534D-02   1.5318955D+00   4.6810448D-01   4.4861215D-01   2.2955739D-01   6.3121481D-01   4.1890534D-02   8.2270149D-01
    1.5003751D-03   5.5376140D-01   1.5370396D+00   4.3631610D-01   2.5127057D-01  -6.9358962D-02  -2.3481152D-01  -5.7270240D-01   4.4992290D-03   1.8127651D+00   1.8723490D-01   4.8987247D-01   3.7209302D-01   8.4215697D-01   4.4992290D-03   7.2907830D-01
    1.5003751D-03  -2.0491766D-01  -1.4067402D-01  -7.4941031D-01  -7.1591391D-01  -5.0393489D-01   2.3500726D-01  -1.0615799D+00   8.9302828D-02   1.3570580D+00   6.4294198D-01   4.0810203D-01   1.6504126D-01   5.1491696D-01   8.9302828D-02   8.8098066D-01
    1.5003751D-03   8.8186593D-02   5.0200392D-01   2.2128544D-01   3.9600324D-01  -1.2362102D-01  -4.4831286D-01  -1.2880691D+00   2.3790331D-01   1.0221844D+00   9.7781557D-01   3.0832708D-01   6.9017254D-02   3.2309250D-01   2.3790331D-01   9.9260519D-01
    1.5003751D-03   1.9602349D-01   1.6432414D+00  -7.4251010D-01   5.5992324D-01  -4.0815162D-01   2.1529185D-01  -5.3883644D-01   3.2837139D-03   1.8352455D+00   1.6475451D-01   4.9212303D-01   3.9609902D-01   8.6036467D-01   3.2837139D-03   7.2158484D-01
    1.5003751D-03   5.0696375D+00   3.1214794D+00   3.7558029D-01   1.5482334D-01  -3.7967359D-01  -1.1926899D-02  -1.6724557D-01   1.0702447D-05   1.9835373D+00   1.6462650D-02   5.0037509D-01   4.9812453D-01   9.8555060D-01   1.0702447D-05   6.7215422D-01
    1.5003751D-03  -3.7466246D-01   8.6384623D-02  -6.5924513D-01  -6.2383375D-01  -1.0992802D-01  -3.9425718D-01  -1.0931053D+00   9.9468948D-02   1.3270582D+00   6.7294181D-01   3.9834959D-01   1.5753938D-01   4.9608867D-01   9.9468948D-02   8.9098060D-01
    1.5003751D-03  -5.0848399D-02  -1.3733630D-01  -4.5469446D-01   2.0123233D-01  -6.1705976D-01  -4.6509607D-01  -1.4051248D+00   3.3015590D-01   8.7172714D-01   1.1282729D+00   2.5281320D-01   5.1012753D-02   2.4989593D-01   3.3015590D-01   1.0427576D+00
    1.5003751D-03   6.8854529D-01   2.2332718D+00   9.7347271D-01   3.3482887D-01  -3.7089830D-01  -7.9743791D-02  -3.9197588D-01   6.9815752D-04   1.9118962D+00   8.8103844D-02   4.9812453D-01   4.4261065D-01   9.2396246D-01   6.9815752D-04   6.9603461D-01
    1.5003751D-03  -3.9684553D-01   8.6939918D-01   5.8257421D-02   1.8562826D-01  -3.3548012D-01   4.1866561D-01  -9.3939761D-01   4.6141543D-02   1.5126575D+00   4.8734245D-01   4.4786197D-01   2.1755439D-01   6.1786407D-01   4.6141543D-02   8.2911415D-01
    1.5003751D-03  -5.7145080D-01   1.9093201D-01  -7.2269280D-01   1.1613479D-01   9.0156640D-02  -3.3412322D-01  -9.3551317D-01   4.9141147D-02   1.4996802D+00   5.0031984D-01   4.4411103D-01   2.1305326D-01   6.0893602D-01   4.9141147D-02   8.3343995D-01
    1.5003751D-03  -8.5880357D-01  -6.1213587D-01  -8.5994291D-01   1.1762197D-01   1.9379837D-01  -1.3770890D-01  -6.7580547D-01   1.1555319D-02   1.7248851D+00   2.7511485D-01   4.7936984D-01   3.1807952D-01   7.7288789D-01   1.1555319D-02   7.5837162D-01
    1.5003751D-03   1.3660470D+00   2.5432340D+00   4.5356357D-01  -3.8684657D-01   3.3838654D-01  -2.4855483D-01  -3.4335449D-01   3.5184184D-04   1.9331423D+00   6.6857703D-02   4.9887472D-01   4.6211553D-01   9.4200924D-01   3.5184184D-04   6.8895257D-01
    1.5003751D-03   1.8384919D-01  -4.4360396D-02   4.3359759D-01   2.0287968D-01   4.7005358D-02  -6.5718511D-01  -1.3580641D+00   3.3658301D-01   8.6212364D-01   1.1378764D+00   2.5131283D-01   4.9512378D-02   2.4549641D-01   3.3658301D-01   1.0459588D+00
    1.5003751D-03  -2.5682167D+00   1.2548624D-01   3.9541819D-01   2.2020296D-01  -9.3976578D-02  -5.3301595D-01  -3.7589460D-01   6.1348543D-04   1.9163691D+00   8.3630881D-02   4.9812453D-01   4.5011253D-01   9.2774667D-01   6.1348543D-04   6.9454363D-01
    1.5003751D-03   1.2035552D-01  -1.6473361D+00   1.8638885D+00   8.9503582D-02   5.0197040D-02  -1.6508067D-01  -3.8640208D-01   7.5462816D-04   1.9090898D+00   9.0910153D-02   4.9812453D-01   4.3660915D-01   9.2159241D-01   7.5462816D-04   6.9697005D-01
    1.5003751D-03   7.6890892D-01  -6.9201850D-01   4.2576960D-02   1.6675481D-02   2.2288942D-01  -3.7956589D-02  -8.5234200D-01   3.4540847D-02   1.5679718D+00   4.3202818D-01   4.5761440D-01   2.4756189D-01   6.5662462D-01   3.4540847D-02   8.1067606D-01
    1.5003751D-03   6.0367661D-01  -4.8957871D-01   2.8502470D+00   2.1779208D-01  -2.0877792D-02   2.8582882D-01  -3.3195943D-01   3.3388525D-04   1.9345366D+00   6.5463426D-02   4.9887472D-01   4.6511628D-01   9.4319996D-01   3.3388525D-04   6.8848781D-01
    1.5003751D-03  -6.1360955D-01  -4.9391190D-02  -1.1446527D+00  -1.3583948D-01   7.3393583D-01   2.3309295D-01  -7.1024713D-01   1.4001728D-02   1.7023482D+00   2.9765178D-01   4.7861965D-01   3.0607652D-01   7.5560877D-01   1.4001728D-02   7.6588393D-01
    1.5003751D-03   1.3121052D+00   3.9492702D-01  -2.0326911D-01  -1.0062425D-01   1.4928921D-01   3.3916363D-01  -6.6997610D-01   1.0718142D-02   1.7332283D+00   2.6677166D-01   4.8087022D-01   3.2108027D-01   7.7933458D-01   1.0718142D-02   7.5559055D-01
    1.5003751D-03   8.1823423D-01  -2.4193919D-01  -3.0192423D-01   4.0050750D-01   3.4337988D-01   1.8085133D-01  -9.5142137D-01   5.6402877D-02   1.4700098D+00   5.2999017D-01   4.3735934D-01   2.0255064D-01   5.8875893D-01   5.6402877D-02   8.4333006D-01
    1.5003751D-03   1.1796783D+00  -7.7580748D-01  -4.0016445D-01   4.8667470D-01  -2.5850719D-01   2.0717244D-01  -6.4037447D-01   8.3770467D-03   1.7587992D+00   2.4120079D-01   4.8537134D-01   3.4058515D-01   7.9926164D-01   8.3770467D-03   7.4706693D-01
    1.5003751D-03  -2.8831790D-01  -1.8635651D-01   2.6324218D-01   8.4655583D-01   7.2514727D-01   2.2684454D-01  -1.4294750D+00   3.9727831D-01   7.7575677D-01   1.2242432D+00   2.2055514D-01   3.0007502D-02   2.0740624D-01   3.9727831D-01   1.0747477D+00
    1.5003751D-03   8.5588650D-01  -2.8628853D-01  -1.3726139D+00   4.1981272D-01   5.7764324D-02   1.7134852D-01  -5.8595939D-01   5.1174002D-03   1.8027000D+00   1.9729999D-01   4.8762191D-01   3.6759190D-01   8.3406970D-01   5.1174002D-03   7.3243333D-01
    1.5003751D-03  -1.6253838D-01   5.0361592D-01   1.0789427D-02   4.8706950D-01   4.4488877D-01  -3.9561775D-01  -1.3242805D+00   2.6594893D-01   9.7361273D-01   1.0263873D+00   2.9332333D-01   6.6016504D-02   2.9858607D-01   2.6594893D-01   1.0087958D+00
    1.5003751D-03   9.4272595D-01  -4.6983335D-01   1.8310357D+00   2.2392673D-01   3.3948351D-01   1.2361775D-01  -4.5158420D-01   1.6332169D-03   1.8758384D+00   1.2416155D-01   4.9587397D-01   4.2010503D-01   8.9375172D-01   1.6332169D-03   7.0805385D-01
    1.5003751D-03   1.1660310D-02  -8.2661642D-01  -7.0976227D-01  -2.3542166D-01   3.4311508D-02   3.8196130D-01  -8.1016143D-01   2.8413776D-02   1.6015626D+00   3.9843739D-01   4.6136534D-01   2.5956489D-01   6.8072427D-01   2.8413776D-02   7.9947913D-01
    1.5003751D-03   3.7838025D-01   2.3324420D+00  -4.8708283D-02   3.9769692D-02  -3.1810360D-01  -5.2384313D-01  -4.2854758D-01   9.6619084D-04   1.8995608D+00   1.0043916D-01   4.9812453D-01   4.3510878D-01   9.1356846D-01   9.6619084D-04   7.0014639D-01
    1.5003751D-03   8.4140087D-03   5.0358547D-01  -2.9644362D-01   7.1699674D-01   4.1742096D-02  -2.4220133D-01  -1.2777526D+00   2.1057774D-01   1.0725352D+00   9.2746479D-01   3.2258065D-01   7.6519130D-02   3.4937899D-01   2.1057774D-01   9.7582160D-01
    1.5003751D-03  -4.6022889D-01  -2.1725938D-01  -5.3966672D-01   2.4410195D-01  -5.1357914D-01  -5.1957846D-01  -1.0852157D+00   1.0863089D-01   1.3014442D+00   6.9855583D-01   3.9084771D-01   1.5003751D-01   4.8027144D-01   1.0863089D-01   8.9951861D-01
    1.5003751D-03   1.0710781D+00  -5.3476849D-01   3.2375766D-01   1.9530465D-01   5.4315918D-01  -1.8047893D-01  -7.3506522D-01   1.6980291D-02   1.6778034D+00   3.2219661D-01   4.7711928D-01   2.9707427D-01   7.3701333D-01   1.6980291D-02   7.7406554D-01
    1.5003751D-03   1.9285203D-01  -4.3109794D-02   6.7731736D-01   3.4043519D-01  -4.2227525D-01   3.3771256D-01  -1.1131945D+00   1.2628305D-01   1.2552561D+00   7.4474395D-01   3.8334584D-01   1.3203301D-01   4.5234850D-01   1.2628305D-01   9.1491465D-01
    1.5003751D-03  -7.0324093D-02  -4.8872298D-01  -1.3300963D-01   5.4814399D-01  -4.6356004D-01   7.2763961D-01  -1.3633878D+00   2.8682951D-01   9.3918659D-01   1.0608134D+00   2.8282071D-01   5.8514629D-02   2.8172263D-01   2.8682951D-01   1.0202711D+00
    1.5003751D-03  -9.3639908D-01   1.8674465D-01   1.0824153D+00   5.2197274D-01   6.6071535D-02   3.9063462D-01  -6.4001984D-01   8.9961350D-03   1.7516697D+00   2.4833029D-01   4.8462116D-01   3.3458365D-01   7.9368008D-01   8.9961350D-03   7.4944343D-01
    1.5003751D-03  -2.5300196D-01  -5.5815839D-01  -2.3510427D-02  -8.2172268D-04  -7.6589646D-01   8.6165077D-01  -1.2123355D+00   1.8631384D-01   1.1202661D+00   8.7973392D-01   3.3758440D-01   8.2520630D-02   3.7512840D-01   1.8631384D-01   9.5991131D-01
    1.5003751D-03   4.4887717D-01   5.5695413D-01   6.7938225D-02   6.3524326D-01   6.6434237D-02  -7.8967361D-02  -1.1059231D+00   1.1962759D-01   1.2722264D+00   7.2777358D-01   3.8559640D-01   1.3803451D-01   4.6251850D-01   1.1962759D-01   9.0925786D-01
    1.5003751D-03   2.1693962D-01  -1.4653312D-01  -1.6629495D-01  -1.5683820D-01   8.6354004D-01   1.5505567D-01  -1.6338812D+00   6.3357062D-01   4.9133664D-01   1.5086634D+00   1.2153038D-01   1.0502626D-02   1.0111960D-01   6.3357062D-01   1.1695545D+00
    1.5003751D-03   6.1273108D-01   2.2406550D+00  -1.0377854D-01   8.4289186D-02  -2.6115857D-02   5.5703244D-02  -4.3714064D-01   1.0431372D-03   1.8964063D+00   1.0359365D-01   4.9812453D-01   4.3210803D-01   9.1092027D-01   1.0431372D-03   7.0119788D-01
    1.5003751D-03   3.2357063D-01  -5.3101279D-01  -8.9892990D-02   8.5473268D-01  -4.6403680D-01   2.7633252D-01  -1.1717240D+00   1.7482228D-01   1.1440405D+00   8.5595947D-01   3.4433608D-01   8.8522131D-02   3.8825628D-01   1.7482228D-01   9.5198649D-01
    1.5003751D-03  -2.3121560D-01   1.4695908D-01  -1.0385406D+00  -3.7780439D-02  -3.7694387D-01  -2.8866087D-01  -8.4140405D-01   3.0029598D-02   1.5923319D+00   4.0766813D-01   4.6061515D-01   2.5506377D-01   6.7405922D-01   3.0029598D-02   8.0255604D-01
    1.5003751D-03   9.2359270D-01  -8.8839071D-01  -3.6600336D-01   2.4087503D-01  -4.8989319D-02   4.2288080D-01  -6.9557034D-01   1.2610645D-02   1.7148536D+00   2.8514637D-01   4.7861965D-01   3.1357839D-01   7.6517241D-01   1.2610645D-02   7.6171546D-01
    1.5003751D-03   3.4645551D-01  -3.4149627D-01   3.2821481D-01  -1.2185303D-01   5.6865738D-01  -6.0437374D-01  -1.2346199D+00   2.0843081D-01   1.0766354D+00   9.2336460D-01   3.2333083D-01   7.9519880D-02   3.5155915D-01   2.0843081D-01   9.7445487D-01
    1.5003751D-03   1.4340445D+00   3.1837768D-01   1.0162736D+00   1.1977531D-01   1.1986399D-01  -3.7206738D-01  -5.2627317D-01   3.5190876D-03   1.8305511D+00   1.6944894D-01   4.9212303D-01   3.9009752D-01   8.5654593D-01   3.5190876D-03   7.2314965D-01
    1.5003751D-03  -1.1118227D+00   7.3890469D-01  -1.1132295D+00   9.9328257D-02   2.4323838D-01  -1.6534795D-01  -5.5325485D-01   3.9779413D-03   1.8219043D+00   1.7809571D-01   4.9137284D-01   3.7659415D-01   8.4953498D-01   3.9779413D-03   7.2603190D-01
    1.5003751D-03   4.3773735D-02  -2.1990762D-02  -3.0510537D-01   1.9048244D-01   7.7089378D-02   4.9674339D-01  -1.6551925D+00   6.3607853D-01   4.8863557D-01   1.5113644D+00   1.2078020D-01   9.0022506D-03   1.0025554D-01   6.3607853D-01   1.1704548D+00
    1.5003751D-03   9.4707826D-01  -7.1057994D-02   1.4043714D-01   3.5629524D-01   8.1661034D-02   3.8988130D-01  -8.9508138D-01   4.5688831D-02   1.5146572D+00   4.8534283D-01   4.4786197D-01   2.2055514D-01   6.1924533D-01   4.5688831D-02   8.2844761D-01
    1.5003751D-03  -9.1964954D-01   2.9424353D-01   5.3065797D-04  -9.3189304D-02  -4.7131613D-01   3.9192462D-01  -9.0069393D-01   4.4747788D-02   1.5188500D+00   4.8115003D-01   4.4861215D-01   2.2355589D-01   6.2214639D-01   4.4747788D-02   8.2705001D-01
    1.5003751D-03   2.2826171D-01  -9.0765250D-02  -1.6066442D-01   1.4773054D-01   4.3760504D-01   8.5505432D-01  -1.6681773D+00   6.7090390D-01   4.5165726D-01   1.5483427D+00   1.1252813D-01   7.5018755D-03   8.8712975D-02   6.7090390D-01   1.1827809D+00
    1.5003751D-03  -7.0562666D-01  -2.0995525D-01  -3.0762655D-02   1.8879613D-01  -4.8862967D-01  -1.1423219D-01  -1.1089097D+00   1.1087729D-01   1.2953477D+00   7.0465227D-01   3.8784696D-01   1.4703676D-01   4.7654173D-01   1.1087729D-01   9.0155076D-01
    1.5003751D-03  -1.6636772D+00   4.1561746D-01   6.8170710D-01  -2.1240325D-01  -4.7181545D-01   5.8733626D-01  -5.1653412D-01   3.0372505D-03   1.8403785D+00   1.5962148D-01   4.9287322D-01   3.9909977D-01   8.6455023D-01   3.0372505D-03   7.1987383D-01
    1.5003751D-03  -8.9095756D-02   2.2017188D-01  -2.2318016D-01  -8.0573869D-01   9.0971372D-02   1.1449733D+00  -1.6219493D+00   5.9908112D-01   5.2903441D-01   1.4709656D+00   1.3203301D-01   1.3503376D-02   1.1347275D-01   5.9908112D-01   1.1569885D+00
    1.5003751D-03   5.9916324D-03   1.6571327D-01  -3.2076091D-01   4.6563644D-01   1.2556374D-01  -3.3651870D-01  -1.5923069D+00   5.2612948D-01   6.1251450D-01   1.3874855D+00   1.5453863D-01   1.9504876D-02   1.4274654D-01   5.2612948D-01   1.1291618D+00
    1.5003751D-03   1.4492993D+00  -1.2313354D-01  -1.0646441D+00   3.8627104D-01  -1.2433127D-01  -6.1124222D-02  -5.3712157D-01   3.3778600D-03   1.8333448D+00   1.6665524D-01   4.9212303D-01   3.9459865D-01   8.5881745D-01   3.3778600D-03   7.2221841D-01
    1.5003751D-03   3.4195406D-01  -3.2994799D-01  -1.0153835D+00  -2.8672131D-01  -1.3689313D-01   2.7159492D-01  -8.0724005D-01   2.5430309D-02   1.6194311D+00   3.8056885D-01   4.6586647D-01   2.6706677D-01   6.9371801D-01   2.5430309D-02   7.9352295D-01
    1.5003751D-03  -1.4462029D+00  -3.0794082D+00   2.8945268D-01   1.8181088D-01  -2.2255914D-01   5.5680062D-02  -2.8853752D-01   1.6588480D-04   1.9505830D+00   4.9417006D-02   4.9962491D-01   4.7861965D-01   9.5696064D-01   1.6588480D-04   6.8313900D-01
    1.5003751D-03  -2.7177047D-01  -2.9659853D-01  -5.9831224D-01  -8.5198172D-01   1.4364717D-01  -3.2249916D-01  -1.1085882D+00   1.1842253D-01   1.2753541D+00   7.2464592D-01   3.8559640D-01   1.3953488D-01   4.6440416D-01   1.1842253D-01   9.0821531D-01
    1.5003751D-03  -5.8158306D-01  -4.3584197D+00   8.1573005D-01  -5.4048149D-02  -7.2836996D-02  -4.8728193D-01  -2.2230026D-01   4.4360029D-05   1.9708940D+00   2.9105978D-02   4.9962491D-01   4.8612153D-01   9.7452912D-01   4.4360029D-05   6.7636866D-01
    1.5003751D-03  -4.4060670D-01   8.5732679D-01  -2.3780354D-02   2.9478927D-01  -6.0697988D-01  -4.4024589D-01  -9.2928122D-01   4.4978229D-02   1.5178187D+00   4.8218134D-01   4.4861215D-01   2.2205551D-01   6.2143220D-01   4.4978229D-02   8.2739378D-01
    1.5003751D-03  -1.1334910D-01  -2.7067701D-01  -3.9206701D-01   7.3873585D-01   1.4675088D-01  -3.2705832D-01  -1.3766629D+00   3.1403061D-01   8.9625979D-01   1.1037402D+00   2.6406602D-01   5.2513128D-02   2.6128344D-01   3.1403061D-01   1.0345801D+00
    1.5003751D-03   1.7041766D-01  -1.4765109D+00   2.1423636D-01   3.9306034D-01   4.1328825D-01  -3.4075994D-01  -6.2200972D-01   7.5848073D-03   1.7683866D+00   2.3161337D-01   4.8537134D-01   3.4508627D-01   8.0679879D-01   7.5848073D-03   7.4387112D-01
    1.5003751D-03  -1.1793885D+00   1.6840605D-01   1.7375934D+00   4.3064742D-01   1.2239438D-01   8.7220749D-02  -4.5732495D-01   1.6534431D-03   1.8752190D+00   1.2478102D-01   4.9587397D-01   4.1710428D-01   8.9323726D-01   1.6534431D-03   7.0826034D-01
    1.5003751D-03   6.1028616D-01  -1.0774679D-01   6.6680067D-01   1.0871406D-01   4.1263195D-02   6.9311364D-01  -9.4212874D-01   5.5272529D-02   1.4744805D+00   5.2551950D-01   4.3885971D-01   2.0405101D-01   5.9177828D-01   5.5272529D-02   8.4183983D-01
    1.5003751D-03   5.6734723D-02  -3.4984632D-01   1.6997553D-01   1.0479166D+00   1.1646502D-01  -3.5315267D-01  -1.4804960D+00   4.6513279D-01   6.8690367D-01   1.3130963D+00   1.8754689D-01   2.1005251D-02   1.7101065D-01   4.6513279D-01   1.1043654D+00
    1.5003751D-03   3.6851254D-01   1.4038264D-03   5.8116698D-01   7.0067061D-01   6.1874482D-01  -1.8795627D-01  -1.1423528D+00   1.3582150D-01   1.2317675D+00   7.6823245D-01   3.7584396D-01   1.2303076D-01   4.3844325D-01   1.3582150D-01   9.2274415D-01
    1.5003751D-03   2.3210548D-01   4.7783470D-01  -1.1773826D+00   7.6568433D-01   4.9088422D-01  -1.8344982D-01  -7.2629071D-01   1.4365036D-02   1.6992020D+00   3.0079796D-01   4.7861965D-01   3.0307577D-01   7.5321220D-01   1.4365036D-02   7.6693265D-01
    1.5003751D-03  -1.1336265D+00   4.5070591D-01  -3.5239403D-01  -8.2055420D-02  -3.5092675D-01  -1.2667776D-01  -7.3394458D-01   1.5413571D-02   1.6903722D+00   3.0962781D-01   4.7786947D-01   3.0007502D-01   7.4650659D-01   1.5413571D-02   7.6987594D-01
    1.5003751D-03   6.7830789D-01   1.2207377D-02   6.5163466D-01  -2.4124462D-01   1.8057010D-01   5.1535761D-01  -9.1385719D-01   4.9182802D-02   1.4995031D+00   5.0049686D-01   4.4411103D-01   2.1155289D-01   6.0881467D-01   4.9182802D-02   8.3349895D-01
    1.5003751D-03   3.0562635D-02  -5.5579443D-01  -8.3853657D-01   5.3183690D-01   2.9692177D-01  -1.6780737D-02  -8.6418703D-01   3.8405696D-02   1.5485097D+00   4.5149030D-01   4.5386347D-01   2.3855964D-01   6.4285609D-01   3.8405696D-02   8.1716343D-01
    1.5003751D-03   1.2926065D+00  -2.2514947D-01   1.4771080D-01   5.3661302D-02   4.0886107D-01   1.8588701D-01  -6.9296996D-01   1.3112377D-02   1.7102551D+00   2.8974488D-01   4.7861965D-01   3.1207802D-01   7.6164862D-01   1.3112377D-02   7.6324829D-01
    1.5003751D-03   6.4351417D-01   3.0703254D-01   5.5712822D-01  -4.2000328D-01  -1.3429324D-01  -2.6993341D-01  -9.3428086D-01   5.6454752D-02   1.4698059D+00   5.3019412D-01   4.3735934D-01   2.0105026D-01   5.8862136D-01   5.6454752D-02   8.4339804D-01
    1.5003751D-03   1.7804212D-01   1.3720597D+00  -1.0723372D+00  -3.5035691D-01   4.1939924D-01   5.9611228D-02  -5.5381924D-01   3.8544938D-03   1.8241702D+00   1.7582975D-01   4.9137284D-01   3.7959490D-01   8.5136940D-01   3.8544938D-03   7.2527658D-01
    1.5003751D-03  -1.3029854D-01  -5.6554324D-01  -3.9398513D-01  -1.8987446D-01  -4.0030870D-01  -1.3972844D-01  -1.1147695D+00   1.2846465D-01   1.2498004D+00   7.5019955D-01   3.8259565D-01   1.2903226D-01   4.4910109D-01   1.2846465D-01   9.1673318D-01
    1.5003751D-03  -3.1192237D-01   1.1629461D+00   9.6165222D-02   5.9777992D-01  -2.1999680D-01   3.8831696D-01  -7.7283789D-01   1.8899059D-02   1.6632912D+00   3.3670877D-01   4.7486872D-01   2.8807202D-01   7.2612776D-01   1.8899059D-02   7.7890292D-01
    1.5003751D-03   3.4540352D+00  -1.0978236D+00   2.4947772D-02  -1.3791776D-01  -1.0433782D-01   2.2362645D-01  -2.7150019D-01   1.2408896D-04   1.9560214D+00   4.3978606D-02   4.9962491D-01   4.8162041D-01   9.6164817D-01   1.2408896D-04   6.8132620D-01
    1.5003751D-03  -4.8954958D-01  -1.7973061D-01  -2.1399068D-01  -4.1784985D-01  -1.9569469D-01  -5.3151140D-01  -1.2784932D+00   2.2993069D-01   1.0365411D+00   9.6345890D-01   3.1282821D-01   7.0517629D-02   3.3049605D-01   2.2993069D-01   9.8781963D-01
    1.5003751D-03  -3.2081057D-01  -1.5476013D-01  -9.3213196D-01   1.9139869D-01   4.8776940D-01   4.8064577D-01  -8.8773372D-01   3.9650744D-02   1.5424792D+00   4.5752082D-01   4.5236309D-01   2.3705926D-01   6.3861865D-01   3.9650744D-02   8.1917361D-01
    1.5003751D-03   6.4916775D-01   1.3296010D+00  -6.9469447D-01  -4.2830737D-01   1.4089411D-01   6.0259400D-02  -5.8772087D-01   5.2313626D-03   1.8009237D+00   1.9907628D-01   4.8762191D-01   3.6309077D-01   8.3264661D-01   5.2313626D-03   7.3302543D-01
    1.5003751D-03  -3.4302023D-01   3.1582035D-01  -7.6956397D-02   5.7709755D-01   1.2627400D-01   5.5659717D-01  -1.3788099D+00   3.3724377D-01   8.6114175D-01   1.1388583D+00   2.5056264D-01   4.8012003D-02   2.4504843D-01   3.3724377D-01   1.0462861D+00
    1.5003751D-03  -6.7153199D-02   8.6977026D-01  -4.7274317D-01  -5.8964188D-01  -7.3067105D-01   2.1242921D-01  -8.9419508D-01   4.0493169D-02   1.5384596D+00   4.6154039D-01   4.5086272D-01   2.3405851D-01   6.3580180D-01   4.0493169D-02   8.2051346D-01
    1.5003751D-03  -4.7144499D-01  -7.1975682D-01   3.4299543D-02   1.6154487D-01  -1.6754165D-01   3.6174361D-01  -9.8117233D-01   6.7015847D-02   1.4302858D+00   5.6971416D-01   4.2760690D-01   1.8304576D-01   5.6225505D-01   6.7015847D-02   8.5657139D-01
    1.5003751D-03  -1.0018522D+00  -1.2706090D+00   2.4056325D-01   3.4333052D-01   2.3888213D-01  -4.7855723D-01  -5.8264612D-01   5.2133498D-03   1.8012030D+00   1.9879704D-01   4.8762191D-01   3.6459115D-01   8.3287024D-01   5.2133498D-03   7.3293235D-01
    1.5003751D-03   2.8060704D+00  -5.5162051D-01   5.4996536D-01   3.9044659D-01   2.9896237D-01   7.1945225D-02  -3.3443885D-01   3.5775676D-04   1.9326923D+00   6.7307673D-02   4.9887472D-01   4.6061515D-01   9.4162513D-01   3.5775676D-04   6.8910256D-01
    1.5003751D-03   4.5873761D-01  -4.0329573D-01   3.4874477D-01  -5.9198517D-01  -2.5587443D-02   8.8906736D-01  -1.1139169D+00   1.2744851D-01   1.2523352D+00   7.4766483D-01   3.8334584D-01   1.3053263D-01   4.5060854D-01   1.2744851D-01   9.1588828D-01
    1.5003751D-03  -6.9455509D-01   3.0146560D-01   4.6733080D-01  -4.4639446D-01  -2.5933443D-01   3.7063775D-01  -9.5849156D-01   5.9872047D-02   1.4565954D+00   5.4340461D-01   4.3360840D-01   1.9504876D-01   5.7974364D-01   5.9872047D-02   8.4780154D-01
    1.5003751D-03  -2.0314304D+00  -2.1359388D-01   1.4803405D+00  -3.1317386D-01   4.0596510D-02   1.8654710D-01  -3.8722075D-01   7.1005369D-04   1.9112941D+00   8.8705928D-02   4.9812453D-01   4.4111028D-01   9.2345371D-01   7.1005369D-04   6.9623531D-01
    1.5003751D-03   1.5183871D+00  -2.4094142D+00   5.2775244D-01  -3.0378014D-01   6.6989481D-02  -3.3287534D-02  -3.3753851D-01   3.6719580D-04   1.9319833D+00   6.8016656D-02   4.9887472D-01   4.5911478D-01   9.4102009D-01   3.6719580D-04   6.8933889D-01
    1.5003751D-03   3.8873602D-01   3.4198676D-01  -4.1243899D-01  -9.8971889D-02   6.4283281D-01  -6.6466124D-02  -1.1763026D+00   1.5164406D-01   1.1947115D+00   8.0528845D-01   3.6609152D-01   1.0952738D-01   4.1690849D-01   1.5164406D-01   9.3509615D-01
    1.5003751D-03   1.1034110D-03   5.9846778D-02  -6.3064217D-01   5.3026597D-01  -6.6841081D-01   1.2010550D-01  -1.2531012D+00   1.7102786D-01   1.1520751D+00   8.4792492D-01   3.4958740D-01   9.3023256D-02   3.9273835D-01   1.7102786D-01   9.4930831D-01
    1.5003751D-03   3.2991352D-01   3.5812682D-01  -1.4490303D-01  -8.9535400D-02   5.3815044D-01   6.7226358D-02  -1.3302198D+00   2.9086696D-01   9.3268392D-01   1.0673161D+00   2.8132033D-01   5.5513878D-02   2.7858447D-01   2.9086696D-01   1.0224387D+00
    1.5003751D-03   1.0100634D+00   1.6774328D+00  -3.3064962D-01  -4.8237133D-01  -3.9024925D-01   3.4870824D-01  -4.9589072D-01   2.1726530D-03   1.8606407D+00   1.3935933D-01   4.9587397D-01   4.0960240D-01   8.8117475D-01   2.1726530D-03   7.1311978D-01
    1.5003751D-03  -2.4597421D-01   2.3127337D-01  -5.4064145D-01   5.7105866D-01  -6.3019075D-02  -4.7717837D-01  -1.2361814D+00   1.6820865D-01   1.1581073D+00   8.4189273D-01   3.5033758D-01   9.7524381D-02   3.9611852D-01   1.6820865D-01   9.4729758D-01
    1.5003751D-03  -2.7844022D-01  -3.1091566D-01  -1.2971870D-01  -5.7945845D-01   2.7079588D-01   5.1304494D-01  -1.4667110D+00   3.9016876D-01   7.8550300D-01   1.2144970D+00   2.2205551D-01   3.1507877D-02   2.1157128D-01   3.9016876D-01   1.0714990D+00
    1.5003751D-03   7.5227959D-01  -5.0232966D-01  -5.8510121D-01  -8.7269800D-01  -1.1162096D-01   5.3578983D-01  -8.3189826D-01   2.9683272D-02   1.5942860D+00   4.0571404D-01   4.6061515D-01   2.5656414D-01   6.7546748D-01   2.9683272D-02   8.0190468D-01
    1.5003751D-03   2.2846619D-03   7.2376250D-02   1.1024864D+00   2.4581845D-01   8.0136928D-02   8.1383762D-01  -7.9305401D-01   2.6918923D-02   1.6103737D+00   3.8962630D-01   4.6436609D-01   2.6406602D-01   6.8711643D-01   2.6918923D-02   7.9654210D-01
    1.5003751D-03  -8.6201228D-02   1.6290047D-01  -2.7587582D-01  -4.3847056D-01   2.2440245D-01  -2.3807398D-01  -1.6263233D+00   5.8653962D-01   5.4300877D-01   1.4569912D+00   1.3578395D-01   1.5003751D-02   1.1819018D-01   5.8653962D-01   1.1523304D+00
    1.5003751D-03  -6.5807688D-04   2.4785522D-01  -8.4332227D-01  -1.1105634D-01  -3.0309060D-01  -1.0689924D-01  -9.8277429D-01   6.2452983D-02   1.4468967D+00   5.5310331D-01   4.3060765D-01   1.9054764D-01   5.7326697D-01   6.2452983D-02   8.5103444D-01
    1.5003751D-03   9.4105737D-01   1.1007339D+00   5.6747683D-01  -1.9732734D-01  -1.3063250D-01   4.3221140D-02  -6.0982457D-01   6.5087850D-03   1.7823973D+00   2.1760266D-01   4.8612153D-01   3.5108777D-01   8.1787806D-01   6.5087850D-03   7.3920089D-01
    1.5003751D-03  -7.9866038D-01  -4.9042055D-01   1.4872221D-01   1.1287519D-02   2.3058718D-01   7.9870730D-01  -9.2094544D-01   4.7658544D-02   1.5060367D+00   4.9396330D-01   4.4711178D-01   2.1455364D-01   6.1330129D-01   4.7658544D-02   8.3132110D-01
    1.5003751D-03  -1.6184639D-01   6.0038323D-02   4.1768974D-01   3.5948927D-01   5.6652646D-01  -8.7446703D-01  -1.4395236D+00   3.6716242D-01   8.1768561D-01   1.1823144D+00   2.3255814D-01   4.0510128D-02   2.2556573D-01   3.6716242D-01   1.0607715D+00
    1.5003751D-03  -1.1071758D+00  -9.7830119D-01  -6.0592965D-01  -1.0730080D-01  -2.5530343D-02   3.5915410D-01  -5.9060048D-01   5.7986548D-03   1.7924024D+00   2.0759758D-01   4.8762191D-01   3.5408852D-01   8.2583696D-01   5.7986548D-03   7.3586586D-01
    1.5003751D-03   8.3893727D-01   1.0614233D+00   2.4129952D-01   4.8286812D-01  -1.9170335D-01  -4.0352417D-01  -6.8383931D-01   1.1084333D-02   1.7295340D+00   2.7046603D-01   4.7936984D-01   3.1957989D-01   7.7647665D-01   1.1084333D-02   7.5682201D-01
    1.5003751D-03   4.6433356D-01   4.4150406D-01  -5.1473673D-03   1.3910293D-01  -6.3611589D-01  -7.0973898D-01  -1.1832474D+00   1.6584604D-01   1.1632047D+00   8.3679525D-01   3.5108777D-01   1.0052513D-01   3.9898504D-01   1.6584604D-01   9.4559842D-01
    1.5003751D-03   2.9004109D-01  -3.8584301D-01   1.4978483D-01  -5.5640288D-01  -1.4492029D-01   8.5215857D-01  -1.3214125D+00   2.9408905D-01   9.2752841D-01   1.0724716D+00   2.7981995D-01   5.4013503D-02   2.7610709D-01   2.9408905D-01   1.0241572D+00
    1.5003751D-03  -2.8403173D-01  -1.0119338D+00  -8.2304042D-01   1.2729079D-01   4.3635527D-01   3.5855626D-01  -6.8845901D-01   1.2524058D-02   1.7156579D+00   2.8434210D-01   4.7861965D-01   3.1507877D-01   7.6578956D-01   1.2524058D-02   7.6144737D-01
    1.5003751D-03   1.4383201D+00  -2.3282273D+00  -4.9347792D+00  -1.8813634D-01   2.8322457D-02   4.6422456D-02  -1.7640730D-01   1.4091726D-05   1.9816192D+00   1.8380820D-02   5.0037509D-01   4.9662416D-01   9.8387426D-01   1.4091726D-05   6.7279361D-01
    1.5003751D-03  -6.5735612D-01  -1.5131484D-01  -2.3469223D-01   4.1093042D-01   3.1130777D-01  -3.3964231D-01  -1.1181162D+00   1.2180649D-01   1.2666148D+00   7.3338521D-01   3.8559640D-01   1.3503376D-01   4.5914408D-01   1.2180649D-01   9.1112840D-01
    1.5003751D-03  -2.6527408D-01  -2.9651155D-01   6.9231982D-01   6.8390144D-03   2.3396355D-01   3.4717218D-01  -1.0292600D+00   8.6117672D-02   1.3668439D+00   6.3315607D-01   4.0885221D-01   1.7104276D-01   5.2112956D-01   8.6117672D-02   8.7771869D-01
    1.5003751D-03   9.1933006D-01  -1.5227566D+00   2.2276260D+00  -1.8840972D-01  -3.9212335D-02   4.0865468D-01  -3.4119963D-01   3.9635879D-04   1.9298590D+00   7.0140965D-02   4.9812453D-01   4.5611403D-01   9.3920843D-01   3.9635879D-04   6.9004699D-01
    1.5003751D-03   6.6680520D-01  -1.9572028D-01   7.3935195D-01  -2.5720022D-01   1.5354568D-01   2.8325410D-01  -8.6452842D-01   3.7258865D-02   1.5541636D+00   4.4583637D-01   4.5536384D-01   2.4156039D-01   6.4684131D-01   3.7258865D-02   8.1527879D-01
    1.5003751D-03   9.7624153D-02  -1.7811019D-01  -1.2580516D-01   4.7028647D-01   1.1571230D+00  -4.5497075D-01  -1.7415701D+00   7.9818194D-01   3.2392524D-01   1.6760748D+00   6.8267067D-02   6.0015004D-03   5.3096555D-02   7.9818194D-01   1.2253583D+00
    1.5003751D-03   1.4131245D-01   1.2586498D+00   1.2587679D+00   1.3813175D-01  -1.9760457D-01   1.3999047D-01  -5.3314019D-01   3.5240534D-03   1.8304540D+00   1.6954596D-01   4.9212303D-01   3.8859715D-01   8.5646710D-01   3.5240534D-03   7.2318199D-01
    1.5003751D-03   1.6602805D-01   8.7992369D-01  -7.3107132D-02  -2.9073362D-01   4.7547547D-01  -2.1869860D-01  -9.5866601D-01   5.7883440D-02   1.4642296D+00   5.3577036D-01   4.3510878D-01   1.9804951D-01   5.8486614D-01   5.7883440D-02   8.4525679D-01
    1.5003751D-03  -1.0128173D-01   8.2182979D-01  -4.2808861D-02   3.1774156D-01   8.8354167D-01  -1.4083444D-01  -1.0532133D+00   7.6105440D-02   1.3989890D+00   6.0101101D-01   4.2010503D-01   1.7854464D-01   5.4178295D-01   7.6105440D-02   8.6700367D-01
    1.5003751D-03   5.1237808D-01  -3.0807999D-01   3.2900075D+00   3.5883192D-01   1.3936475D-01  -1.2284012D-01  -2.9516850D-01   1.8355866D-04   1.9485315D+00   5.1468471D-02   4.9962491D-01   4.7411853D-01   9.5519555D-01   1.8355866D-04   6.8382282D-01
    1.5003751D-03  -3.3913826D-01   3.3576468D-01  -7.2024774D-01  -3.4803342D-01  -3.6050013D-01  -8.1380319D-01  -1.0015725D+00   6.6248928D-02   1.4330324D+00   5.6696758D-01   4.2760690D-01   1.8604651D-01   5.6406883D-01   6.6248928D-02   8.5565586D-01
    1.5003751D-03   3.5426208D-01  -3.5805257D-01   8.0711998D-01   3.4268559D-01  -5.6086716D-01  -2.8563501D-01  -8.9559237D-01   4.7216648D-02   1.5079529D+00   4.9204714D-01   4.4711178D-01   2.1605401D-01   6.1462014D-01   4.7216648D-02   8.3068238D-01
    1.5003751D-03  -9.8516348D-01   1.8376413D+00  -3.1011213D-01   3.2798560D-02  -9.0438408D-02  -4.1619569D-01  -4.7278546D-01   1.6490518D-03   1.8753531D+00   1.2464691D-01   4.9587397D-01   4.1860465D-01   8.9334862D-01   1.6490518D-03   7.0821564D-01
    1.5003751D-03   9.9153603D-03  -1.6048204D-01  -4.9215978D-01  -1.3323121D-01   2.3036170D-02  -9.2366445D-02  -1.3566812D+00   2.7921163D-01   9.5158829D-01   1.0484117D+00   2.8432108D-01   6.3015754D-02   2.8774916D-01   2.7921163D-01   1.0161372D+00
    1.5003751D-03  -8.2972385D-01  -2.1312884D-01   3.7508141D-01   7.6391983D-02   1.7064719D-01   1.3989967D-01  -9.1856709D-01   5.0228871D-02   1.4950853D+00   5.0491474D-01   4.4336084D-01   2.0855214D-01   6.0578989D-01   5.0228871D-02   8.3497158D-01
    1.5003751D-03  -6.8212151D-01   1.2742899D-01   8.0404552D-02   3.4551624D-01   7.7337671D-02   3.4960376D-01  -1.1304983D+00   1.3002747D-01   1.2459234D+00   7.5407662D-01   3.8034509D-01   1.2753188D-01   4.4679980D-01   1.3002747D-01   9.1802554D-01
    1.5003751D-03   8.8025694D-02  -1.2115509D+00   7.3587992D-02   2.2572082D-01  -3.0469272D-01   5.2581263D-01  -7.5091921D-01   1.8334735D-02   1.6674674D+00   3.3253257D-01   4.7561890D-01   2.9107277D-01   7.2925204D-01   1.8334735D-02   7.7751086D-01
    1.5003751D-03  -1.2619419D+00   1.4993731D+00   4.6548059D-02   2.6623061D-01   1.3780600D-01   2.0955697D-01  -5.0645652D-01   2.3053682D-03   1.8572543D+00   1.4274568D-01   4.9512378D-01   4.0660165D-01   8.7838494D-01   2.3053682D-03   7.1424856D-01
    1.5003751D-03  -1.2747099D+00   1.7167791D+00  -5.5736117D-01   4.4428346D-01   2.3431639D-01  -8.6964046D-02  -4.5046202D-01   1.3243156D-03   1.8859259D+00   1.1407415D-01   4.9812453D-01   4.2610653D-01   9.0215069D-01   1.3243156D-03   7.0469138D-01
    1.5003751D-03   2.3894174D-01  -1.2326138D-01   6.4013909D-01  -6.8574421D-02  -5.4763246D-01  -1.2135378D-01  -1.1238716D+00   1.3236441D-01   1.2401731D+00   7.5982687D-01   3.7959490D-01   1.2453113D-01   4.4339660D-01   1.3236441D-01   9.1994229D-01
    1.5003751D-03   1.2329493D-01  -2.4848268D-01   3.6234194D-01  -3.1445308D-01   5.1664342D-01   1.7832532D-01  -1.3749574D+00   3.6062865D-01   8.2701427D-01   1.1729857D+00   2.3405851D-01   4.2010503D-02   2.2969136D-01   3.6062865D-01   1.0576619D+00
    1.5003751D-03  -8.4738158D-01   4.7115022D-01  -5.1950575D-01   5.2970500D-01  -7.2931891D-01   5.9374613D-01  -8.3177792D-01   2.7387985D-02   1.6075794D+00   3.9242059D-01   4.6286572D-01   2.6256564D-01   6.8508608D-01   2.7387985D-02   7.9747353D-01
    1.5003751D-03  -6.3876232D-01   1.2807011D+00   2.3791542D-01  -5.3428203D-01  -8.1597067D-02  -8.6575675D-02  -6.5995356D-01   8.8004203D-03   1.7538918D+00   2.4610822D-01   4.8462116D-01   3.3608402D-01   7.9541758D-01   8.8004203D-03   7.4870274D-01
    1.5003751D-03  -4.6698146D-01   6.8059945D-02   3.1530144D-01   4.0064697D-01   4.1245023D-01   8.8566083D-01  -1.2814401D+00   2.2619905D-01   1.0433519D+00   9.5664812D-01   3.1357839D-01   7.3518380D-02   3.3403383D-01   2.2619905D-01   9.8554937D-01
    1.5003751D-03  -4.9880987D-01   1.4402934D+00  -1.0177750D+00  -5.6230870D-02   2.5661535D-01   4.1513783D-02  -5.3062520D-01   3.1327137D-03   1.8383622D+00   1.6163776D-01   4.9287322D-01   3.9759940D-01   8.6290487D-01   3.1327137D-03   7.2054592D-01
    1.5003751D-03   6.6498541D-02  -6.2110111D-01   1.6065400D-01   1.6847319D-02   2.6537815D-01   1.9281351D-01  -1.1611432D+00   1.6290544D-01   1.1696045D+00   8.3039548D-01   3.5708927D-01   1.0202551D-01   4.0259702D-01   1.6290544D-01   9.4346516D-01
    1.5003751D-03  -6.9653466D-01  -1.8424522D+00  -2.5631215D-01   3.2337151D-01   2.5081830D-01   1.4302980D-01  -4.8340801D-01   2.1699357D-03   1.8607113D+00   1.3928873D-01   4.9587397D-01   4.1110278D-01   8.8123296D-01   2.1699357D-03   7.1309624D-01
    1.5003751D-03   7.1137240D-01   8.4132572D-01   1.1279096D-01  -3.6071524D-01   3.0223906D-02   3.7061299D-01  -8.1594688D-01   2.6668083D-02   1.6118795D+00   3.8812054D-01   4.6436609D-01   2.6556639D-01   6.8821175D-01   2.6668083D-02   7.9604018D-01
    1.5003751D-03  -4.4444633D+00   6.9794142D-01   1.6290641D+00  -2.7006862D-01   1.3389753D-01  -1.1591901D-01  -2.0770559D-01   3.1810253D-05   1.9745273D+00   2.5472685D-02   4.9962491D-01   4.9062266D-01   9.7768962D-01   3.1810253D-05   6.7515756D-01
    1.5003751D-03  -3.3882068D-01   7.2370868D-01   1.5623403D-01  -3.4091176D-02   7.4350890D-01   4.4055149D-01  -1.0415757D+00   8.0811584D-02   1.3836036D+00   6.1639640D-01   4.1485371D-01   1.7404351D-01   5.3185062D-01   8.0811584D-02   8.7213213D-01
    1.5003751D-03  -1.9359859D-01   1.3360850D+00   4.0114257D-01   4.6047188D-01   9.2344537D-02  -2.1228496D-02  -6.7657947D-01   9.9906154D-03   1.7407922D+00   2.5920784D-01   4.8312078D-01   3.2708177D-01   7.8520244D-01   9.9906154D-03   7.5306928D-01
    1.5003751D-03  -4.7338125D-02  -9.9844196D-01   4.4341046D-01   9.7280925D-01   2.7038538D-01  -6.7311341D-02  -8.0482672D-01   2.8021867D-02   1.6038465D+00   3.9615355D-01   4.6136534D-01   2.6106527D-01   6.8237830D-01   2.8021867D-02   7.9871785D-01
    1.5003751D-03  -3.8136858D-01  -2.9274742D-01   6.9828835D-01   4.4869514D-01   1.0542390D-01  -2.6183713D-01  -9.8917373D-01   7.0647662D-02   1.4175123D+00   5.8248767D-01   4.2385596D-01   1.8154539D-01   5.5385611D-01   7.0647662D-02   8.6082922D-01
    1.5003751D-03   3.6938998D-01  -1.3102271D-01  -9.7234095D-01  -4.6927262D-03   2.8924946D-01  -1.8466615D-01  -8.5239048D-01   3.2942919D-02   1.5763804D+00   4.2361961D-01   4.5761440D-01   2.5206302D-01   6.6261738D-01   3.2942919D-02   8.0787320D-01
    1.5003751D-03   3.4134407D-01   2.7252786D-02  -2.8004482D-02  -3.2978690D-02  -8.3821866D-01  -2.0908297D-01  -1.5345127D+00   5.6173596D-01   5.7109192D-01   1.4289081D+00   1.4328582D-01   1.6504126D-02   1.2789396D-01   5.6173596D-01   1.1429694D+00
    1.5003751D-03   1.2038683D+00  -2.1586578D-01  -1.2791793D+00   4.1696334D-01   3.5739466D-01   7.2747021D-02  -5.4905143D-01   3.6687912D-03   1.8276608D+00   1.7233922D-01   4.9212303D-01   3.8409602D-01   8.5419915D-01   3.6687912D-03   7.2411307D-01
    1.5003751D-03  -4.5276074D-01   1.3846997D+00   3.8374949D-01  -1.7493748D-01   1.3666087D-01   1.3459974D-01  -6.3923985D-01   7.4792649D-03   1.7697073D+00   2.3029273D-01   4.8537134D-01   3.4658665D-01   8.0783983D-01   7.4792649D-03   7.4343091D-01
    1.5003751D-03   1.3756231D+00  -8.4501842D-01   1.0827640D-01  -4.1779317D-01  -3.8050861D-01   1.0824810D-01  -5.8123815D-01   5.4716259D-03   1.7972517D+00   2.0274825D-01   4.8762191D-01   3.6159040D-01   8.2970871D-01   5.4716259D-03   7.3424942D-01
    1.5003751D-03   2.5556615D-01   2.2235372D-01   5.9075135D-01  -7.5181435D-01   3.6000754D-01  -3.4327308D-01  -1.1449327D+00   1.3997019D-01   1.2218332D+00   7.7816677D-01   3.7509377D-01   1.2003001D-01   4.3262173D-01   1.3997019D-01   9.2605559D-01
    1.5003751D-03  -2.8309511D-01  -1.1926817D+00  -5.2410792D-02  -3.5896127D-01   2.6419114D-01   1.5886840D-02  -7.3779629D-01   1.7737872D-02   1.6719659D+00   3.2803409D-01   4.7636909D-01   2.9257314D-01   7.3262491D-01   1.7737872D-02   7.7601136D-01
    1.5003751D-03   5.4010317D-01   7.6993439D-01   1.8005903D-01   4.3509939D-01  -5.3476989D-01   3.4537957D-01  -9.0834797D-01   4.6123618D-02   1.5127365D+00   4.8726349D-01   4.4786197D-01   2.1905476D-01   6.1791858D-01   4.6123618D-02   8.2908783D-01
    1.5003751D-03   1.3492442D-01   2.7487586D-01  -3.5072521D-01  -1.9409753D-01   1.5375671D-01  -1.0129179D+00  -1.4404218D+00   3.4713751D-01   8.4655766D-01   1.1534423D+00   2.4531133D-01   4.5011253D-02   2.3843501D-01   3.4713751D-01   1.0511474D+00
    1.5003751D-03   6.4482503D-01  -8.6721471D-01   4.3231753D-01  -1.9964966D-01   1.4879637D-01  -7.4895577D-01  -7.6252787D-01   2.1927156D-02   1.6420233D+00   3.5797671D-01   4.6886722D-01   2.8057014D-01   7.1032044D-01   2.1927156D-02   7.8599224D-01
    1.5003751D-03   7.1728509D-02  -1.1413077D+00  -1.7971465D-01   1.5642305D-01  -5.0351079D-01  -5.3529112D-01  -7.7726734D-01   2.2409050D-02   1.6387982D+00   3.6120180D-01   4.6886722D-01   2.7756939D-01   7.0793849D-01   2.2409050D-02   7.8706727D-01
    1.5003751D-03  -1.0205610D+00  -5.5609527D-01   1.1574410D+00  -1.1304092D-01   6.1700351D-02   2.3271195D-01  -5.7598163D-01   5.1516500D-03   1.8021638D+00   1.9783624D-01   4.8762191D-01   3.6609152D-01   8.3363994D-01   5.1516500D-03   7.3261208D-01
    1.5003751D-03   2.4533520D-01   2.8214168D-01  -5.1239099D-01   3.5105525D-01   1.5229989D-02   5.5545609D-01  -1.2170501D+00   1.7043195D-01   1.1533456D+00   8.4665438D-01   3.5033758D-01   9.4523631D-02   3.9344922D-01   1.7043195D-01   9.4888479D-01
    1.5003751D-03  -1.5764099D+00   1.0514939D+00  -8.4819447D-01  -4.4875245D-01  -3.1810397D-01   7.8828543D-02  -4.7427135D-01   1.7697836D-03   1.8717399D+00   1.2826009D-01   4.9587397D-01   4.1560390D-01   8.9035085D-01   1.7697836D-03   7.0942003D-01
    1.5003751D-03   3.9636664D-01   3.6946855D-01  -1.3483255D+00   4.8968165D-01   9.6699876D-02  -2.7561070D-01  -6.5684952D-01   8.7398845D-03   1.7545849D+00   2.4541509D-01   4.8462116D-01   3.3758440D-01   7.9595994D-01   8.7398845D-03   7.4847170D-01
    1.5003751D-03   1.0596465D-01  -6.1485341D-01  -2.6676773D-01   6.4453685D-01   1.2696522D-01   1.7796207D-01  -1.1365171D+00   1.4140657D-01   1.2184313D+00   7.8156875D-01   3.7359340D-01   1.1852963D-01   4.3063630D-01   1.4140657D-01   9.2718958D-01
    1.5003751D-03   3.9405814D-01   9.1933211D-01  -2.0678225D+00   1.3417611D-01   4.2658292D-01  -2.6373530D-01  -4.2855129D-01   1.1046669D-03   1.8939818D+00   1.0601817D-01   4.9812453D-01   4.2760690D-01   9.0888762D-01   1.1046669D-03   7.0200606D-01
    1.5003751D-03   1.5134836D-02   6.1917571D-02  -5.0669607D-01  -3.5232845D-01   4.2091643D-01  -8.3720903D-02  -1.3967105D+00   2.8763653D-01   9.3788298D-01   1.0621170D+00   2.8282071D-01   5.7014254D-02   2.8109231D-01   2.8763653D-01   1.0207057D+00
    1.5003751D-03  -5.6047541D-01  -5.3349095D-02   7.4834323D-01  -6.8100566D-01   2.2713846D-01  -1.1352031D-02  -9.1088794D-01   4.9978428D-02   1.4961382D+00   5.0386181D-01   4.4336084D-01   2.1005251D-01   6.0651014D-01   4.9978428D-02   8.3462060D-01
    1.5003751D-03  -1.9666378D-01  -3.1344824D-02   6.2924715D-01  -6.7229609D-01  -3.2135341D-01   1.0871914D-01  -1.1865567D+00   1.5288990D-01   1.1918852D+00   8.0811476D-01   3.6609152D-01   1.0652663D-01   4.1528619D-01   1.5288990D-01   9.3603825D-01
    1.5003751D-03  -2.4889037D+00  -7.8666213D-01   1.6737370D+00  -6.1559578D-02   2.1407213D-01   1.5573582D-01  -3.1753397D-01   2.6446205D-04   1.9403948D+00   5.9605183D-02   4.9887472D-01   4.7111778D-01   9.4821157D-01   2.6446205D-04   6.8653506D-01
    1.5003751D-03  -5.9872431D-01  -1.2611764D-01   2.9072156D-01   5.0322967D-03  -4.8121886D-01   1.0248383D-01  -1.1469217D+00   1.4208431D-01   1.2168326D+00   7.8316739D-01   3.7209302D-01   1.1702926D-01   4.2970475D-01   1.4208431D-01   9.2772246D-01
    1.5003751D-03   7.6445256D-01  -9.3363656D-01  -7.4286287D-01  -1.2638802D-01   2.6459989D-01   5.0478691D-02  -6.6260321D-01   9.7339212D-03   1.7435371D+00   2.5646285D-01   4.8312078D-01   3.3008252D-01   7.8733745D-01   9.7339212D-03   7.5215428D-01
    1.5003751D-03  -1.4639005D-03  -4.2645254D-01   8.9156637D-01   3.3355243D-01  -8.7152531D-01  -9.0618660D-03  -8.6040169D-01   4.1087799D-02   1.5356509D+00   4.6434911D-01   4.5086272D-01   2.3255814D-01   6.3383708D-01   4.1087799D-02   8.2144970D-01
    1.5003751D-03  -4.9046000D-01  -3.6415952D-01   8.2416456D-01  -6.4293447D-02  -3.6715564D-01  -3.7858403D-02  -8.5095223D-01   3.5757553D-02   1.5617169D+00   4.3828310D-01   4.5611403D-01   2.4456114D-01   6.5218403D-01   3.5757553D-02   8.1276103D-01
    1.5003751D-03  -9.4301713D-01   6.7406721D-01  -7.1932849D-02   2.7133103D-02   1.5024637D-01   4.3643488D-02  -7.8722862D-01   2.2119574D-02   1.6407307D+00   3.5926932D-01   4.6886722D-01   2.7906977D-01   7.0936529D-01   2.2119574D-02   7.8642311D-01
    1.5003751D-03  -6.8476805D-02   1.3432015D+00   6.4561113D-01   4.0563820D-01   4.3508801D-01  -7.0900823D-02  -6.3587288D-01   7.8028434D-03   1.7656920D+00   2.3430805D-01   4.8537134D-01   3.4358590D-01   8.0467674D-01   7.8028434D-03   7.4476935D-01
    1.5003751D-03   2.2708468D-02  -9.3536783D-02   1.9888611D-01   2.4324889D-02  -1.8104412D-01   3.8033942D-01  -1.6929931D+00   8.4048038D-01   2.8369913D-01   1.7163009D+00   5.6264066D-02   4.5011253D-03   4.3320308D-02   8.4048038D-01   1.2387670D+00
    1.5003751D-03  -5.1825198D-01   6.3508822D-03   3.7596683D-01  -2.7162740D-01  -1.0108635D+00  -3.7881233D-01  -1.2023396D+00   1.6616472D-01   1.1625149D+00   8.3748512D-01   3.5033758D-01   9.9024756D-02   3.9859656D-01   1.6616472D-01   9.4582837D-01
    1.5003751D-03   4.2361379D-01  -1.1213067D-01   8.1311117D-02  -9.7860202D-02  -1.2742346D-01   3.0702346D-01  -1.3899666D+00   3.7670768D-01   8.0421027D-01   1.1957897D+00   2.2880720D-01   3.9009752D-02   2.1966102D-01   3.7670768D-01   1.0652632D+00
    1.5003751D-03   1.3873582D+00   2.1710000D-01  -3.1335940D-02   1.5152676D-01   2.5305840D-01   6.9100010D-01  -6.5935753D-01   1.0105582D-02   1.7395761D+00   2.6042394D-01   4.8312078D-01   3.2558140D-01   7.8425751D-01   1.0105582D-02   7.5347465D-01
    1.5003751D-03   1.7719257D-01   1.2079293D+00  -4.4974397D-01  -2.9302068D-01  -4.0391972D-01   3.2020171D-01  -7.1641340D-01   1.3940474D-02   1.7028833D+00   2.9711669D-01   4.7861965D-01   3.0757689D-01   7.5601674D-01   1.3940474D-02   7.6570556D-01
    1.5003751D-03  -7.2098512D-01   3.2654926D+00   5.2948270D-02  -7.8401089D-02   9.0121549D-02   1.5717890D-01  -2.9913074D-01   1.8338080D-04   1.9485516D+00   5.1448428D-02   4.9962491D-01   4.7561890D-01   9.5521278D-01   1.8338080D-04   6.8381614D-01
    1.5003751D-03   4.9236117D-01  -9.0533509D-01  -2.7646265D+00  -2.4065433D-01   1.3429005D-01   1.1319037D-01  -3.3455207D-01   3.3599255D-04   1.9343707D+00   6.5629328D-02   4.9887472D-01   4.6361590D-01   9.4305824D-01   3.3599255D-04   6.8854311D-01
    1.5003751D-03   6.6970608D-01   1.8280010D+00  -1.4022623D-02   3.7398493D-01  -6.3188782D-02   2.7354809D-01  -5.1067549D-01   2.3791909D-03   1.8554203D+00   1.4457970D-01   4.9512378D-01   4.0510128D-01   8.7687592D-01   2.3791909D-03   7.1485990D-01
    1.5003751D-03  -7.8260913D-01   2.1440262D-03  -8.1367007D-01  -2.5384982D-01  -5.1003595D-01  -6.3621033D-01  -7.9812861D-01   2.4740509D-02   1.6237313D+00   3.7626865D-01   4.6661665D-01   2.7156789D-01   6.9686315D-01   2.4740509D-02   7.9208955D-01
    1.5003751D-03  -5.0740110D-01   3.9538089D-01  -2.6729429D-01  -5.3436660D-01   4.4862040D-01  -6.2812270D-01  -1.1457178D+00   1.3111005D-01   1.2432526D+00   7.5674739D-01   3.8034509D-01   1.2603151D-01   4.4521767D-01   1.3111005D-01   9.1891580D-01
    1.5003751D-03   9.6079352D-01   4.1116878D-01  -1.3967000D+00   2.7135995D-01  -3.8602880D-01   3.8473336D-02  -5.5747160D-01   3.9150367D-03   1.8230537D+00   1.7694630D-01   4.9137284D-01   3.7809452D-01   8.5046524D-01   3.9150367D-03   7.2564877D-01
    1.5003751D-03   1.7167454D+00  -1.3382565D+00   1.2435680D+00   3.5414250D-01  -1.8029498D-01  -4.2213607D-01  -3.8444016D-01   7.3142592D-04   1.9102273D+00   8.9772741D-02   4.9812453D-01   4.3960990D-01   9.2255262D-01   7.3142592D-04   6.9659091D-01
    1.5003751D-03   5.6418431D-01  -1.9439439D-02  -2.5080444D-01  -2.6860781D-01   2.9695548D-01   1.2549682D-01  -1.2220248D+00   1.8282936D-01   1.1273893D+00   8.7261067D-01   3.3833458D-01   8.4021005D-02   3.7904064D-01   1.8282936D-01   9.5753689D-01
    1.5003751D-03   6.6905463D-01   5.9160584D-01  -1.5256662D+00  -2.2313427D-01  -2.1624124D-01   1.5939461D-02  -5.5100339D-01   3.6870656D-03   1.8273127D+00   1.7268725D-01   4.9212303D-01   3.8259565D-01   8.5391678D-01   3.6870656D-03   7.2422908D-01
    1.5003751D-03  -3.1542963D-01  -1.6151862D-01  -6.6512782D-01  -5.1799549D-01   1.3200178D-01  -6.6569614D-02  -1.0930806D+00   1.0344547D-01   1.3157876D+00   6.8421242D-01   3.9384846D-01   1.5603901D-01   4.8909953D-01   1.0344547D-01   8.9473747D-01
    1.5003751D-03  -2.7168585D-02   8.2339482D-01  -1.3766302D+00   2.6426500D-02   5.4731010D-01  -4.0761449D-01  -5.9873262D-01   5.6814195D-03   1.7941220D+00   2.0587804D-01   4.8762191D-01   3.5708927D-01   8.2720880D-01   5.6814195D-03   7.3529268D-01
    1.5003751D-03   1.5644549D-01   5.8930544D-01   5.3483148D-01   6.1066746D-01   4.9823660D-01  -2.0537478D-01  -1.0146544D+00   8.1853493D-02   1.3802654D+00   6.1973461D-01   4.1485371D-01   1.7254314D-01   5.2970701D-01   8.1853493D-02   8.7324487D-01
    1.5003751D-03  -2.0261574D-01   5.4326863D-01  -7.9041103D-02  -2.9021788D-01   3.3357820D-01  -3.9393353D-01  -1.2662786D+00   2.0989613D-01   1.0738345D+00   9.2616549D-01   3.2258065D-01   7.8019505D-02   3.5006921D-01   2.0989613D-01   9.7538850D-01
    1.5003751D-03  -8.9747991D-01   9.5114546D-01   1.2942767D-01   7.1216227D-01   1.1137651D-01  -6.3356732D-01  -7.1280224D-01   1.3373831D-02   1.7078992D+00   2.9210080D-01   4.7861965D-01   3.1057764D-01   7.5984647D-01   1.3373831D-02   7.6403360D-01
    1.5003751D-03  -1.3280419D-01   2.5332029D-02  -6.9530424D-01  -3.5616424D-01  -7.1081689D-02   3.1148353D-01  -1.1599814D+00   1.2483083D-01   1.2589163D+00   7.4108367D-01   3.8559640D-01   1.3353338D-01   4.5453326D-01   1.2483083D-01   9.1369456D-01
    1.5003751D-03   1.0029206D-01  -1.1788047D+00  -1.0615291D+00   3.9211196D-01   2.1494192D-01   2.0366941D-01  -5.9555544D-01   5.9183446D-03   1.7906677D+00   2.0933225D-01   4.8687172D-01   3.5258815D-01   8.2445423D-01   5.9183446D-03   7.3644408D-01
    1.5003751D-03  -7.4010030D-02  -4.6211090D-01   2.8973943D-01   6.2019630D-01   6.3838719D-01  -2.5227099D-02  -1.2818610D+00   2.4322702D-01   1.0127398D+00   9.8726020D-01   3.0607652D-01   6.7516879D-02   3.1826185D-01   2.4322702D-01   9.9575340D-01
    1.5003751D-03  -8.0494046D-01   3.0437533D-01   1.4855443D+00  -4.2648869D-02   6.6493175D-02   6.8015424D-01  -5.5004207D-01   4.2050867D-03   1.8178404D+00   1.8215956D-01   4.9062266D-01   3.7359340D-01   8.4625019D-01   4.2050867D-03   7.2738652D-01
    1.5003751D-03   9.7741311D-01  -4.2170318D-01   3.9182863D-01  -8.4301324D-01  -4.3555194D-01   1.2397634D-01  -7.8835391D-01   2.4282734D-02   1.6266232D+00   3.7337680D-01   4.6736684D-01   2.7456864D-01   6.9898219D-01   2.4282734D-02   7.9112560D-01
    1.5003751D-03  -1.5964394D+00  -9.7280033D-01   6.9199455D-01   1.8520389D-01   2.8019950D-01   2.4708286D-01  -4.8306112D-01   2.1345425D-03   1.8616356D+00   1.3836444D-01   4.9587397D-01   4.1260315D-01   8.8199524D-01   2.1345425D-03   7.1278815D-01
    1.5003751D-03   6.7009028D-01  -1.5375846D-02  -7.6098306D-01   4.0512046D-01  -2.3092541D-01   1.2671422D-01  -8.7103946D-01   3.7341837D-02   1.5537513D+00   4.4624872D-01   4.5536384D-01   2.4006002D-01   6.4655026D-01   3.7341837D-02   8.1541624D-01
    1.5003751D-03  -6.0152541D-02   3.4879262D-02   4.2628408D-01  -2.9288304D-01   2.6106941D-01   3.5503399D-01  -1.4509831D+00   3.9839507D-01   7.7423404D-01   1.2257660D+00   2.2055514D-01   2.8507127D-02   2.0675858D-01   3.9839507D-01   1.0752553D+00
    1.5003751D-03  -9.8299625D-01   4.8446323D-01   5.2824027D-01   4.1922816D-01   1.7382104D-01   2.6975115D-01  -7.4460505D-01   1.8359715D-02   1.6672810D+00   3.3271899D-01   4.7561890D-01   2.8957239D-01   7.2911244D-01   1.8359715D-02   7.7757300D-01
    1.5003751D-03  -2.0927829D-02   1.0098075D-01  -6.4919985D-01   9.8715484D-01   3.5219603D-01  -1.9296029D-01  -1.2279014D+00   1.5462054D-01   1.1879798D+00   8.1202020D-01   3.6309077D-01   1.0502626D-01   4.1304917D-01   1.5462054D-01   9.3734007D-01
    1.5003751D-03  -1.3481595D+00   1.1685026D+00   1.2977053D-01   7.4561141D-02  -2.6874543D-01   5.1075227D-01  -5.5330973D-01   3.4965276D-03   1.8309929D+00   1.6900715D-01   4.9212303D-01   3.9159790D-01   8.5690494D-01   3.4965276D-03   7.2300238D-01
    1.5003751D-03   2.6170612D-01   1.0950362D+00   8.8973966D-02  -1.4003828D-02  -4.0753768D-01  -3.7726739D-01  -8.0294687D-01   2.4703544D-02   1.6239637D+00   3.7603628D-01   4.6661665D-01   2.7306827D-01   6.9703331D-01   2.4703544D-02   7.9201209D-01
    1.5003751D-03  -3.4002535D+00   7.2684725D-01  -1.2778909D-01  -2.7003310D-01  -2.6595152D-01   9.7155146D-02  -2.8535489D-01   1.5135583D-04   1.9523694D+00   4.7630587D-02   4.9962491D-01   4.8012003D-01   9.5849908D-01   1.5135583D-04   6.8254353D-01
    1.5003751D-03   3.0923841D-01  -1.4716375D+00  -5.5727115D-01  -1.4886891D-01  -6.8163725D-01  -1.6930303D-01  -5.8520980D-01   5.6908224D-03   1.7939833D+00   2.0601671D-01   4.8762191D-01   3.5558890D-01   8.2709812D-01   5.6908224D-03   7.3533890D-01
    1.5003751D-03  -8.0525737D-01  -1.4957812D+00   4.2964625D-01   7.7757210D-02   1.9254866D-01  -1.0288840D-01  -5.4217220D-01   3.8369139D-03   1.8244964D+00   1.7550361D-01   4.9137284D-01   3.8109527D-01   8.5163360D-01   3.8369139D-03   7.2516787D-01
    1.5003751D-03   1.6378611D+00   1.8610660D+00  -5.1306744D-01   2.2531153D-01   2.8692005D-01  -1.6732244D-01  -3.9076796D-01   6.9811947D-04   1.9118981D+00   8.8101909D-02   4.9812453D-01   4.4411103D-01   9.2396410D-01   6.9811947D-04   6.9603397D-01
    1.5003751D-03  -5.2888694D-01   2.9790455D-01  -2.5737103D+00  -1.1938427D-02  -1.9080776D-01   3.0656583D-02  -3.7153915D-01   5.6761992D-04   1.9189467D+00   8.1053334D-02   4.9812453D-01   4.5161290D-01   9.2993099D-01   5.6761992D-04   6.9368444D-01
    1.5003751D-03   4.3451037D-01  -5.0048279D-01   4.0621344D-01  -8.4360490D-02   4.1477347D-01   7.9058730D-01  -1.0381164D+00   9.3854319D-02   1.3434046D+00   6.5659535D-01   4.0360090D-01   1.6204051D-01   5.0630735D-01   9.3854319D-02   8.8553178D-01
    1.5003751D-03   1.7601350D+00  -1.4837814D-02  -1.5252713D+00  -1.2449282D-02   1.5796699D-01  -5.0248985D-01  -4.2290613D-01   1.0350214D-03   1.8967324D+00   1.0326759D-01   4.9812453D-01   4.3360840D-01   9.1119381D-01   1.0350214D-03   7.0108920D-01
    1.5003751D-03   3.0768088D-01  -6.8753947D-01  -2.4377025D-01   3.5206740D-01  -4.4163603D-01   2.2282980D-01  -1.0498582D+00   8.8524047D-02   1.3594326D+00   6.4056743D-01   4.0810203D-01   1.6804201D-01   5.1642123D-01   8.8524047D-02   8.8018914D-01
